"Data Source","Indicadores del desarrollo mundial",

"Last Updated Date","2022-06-30",

"Country Name","Country Code","Indicator Name","Indicator Code","1960","1961","1962","1963","1964","1965","1966","1967","1968","1969","1970","1971","1972","1973","1974","1975","1976","1977","1978","1979","1980","1981","1982","1983","1984","1985","1986","1987","1988","1989","1990","1991","1992","1993","1994","1995","1996","1997","1998","1999","2000","2001","2002","2003","2004","2005","2006","2007","2008","2009","2010","2011","2012","2013","2014","2015","2016","2017","2018","2019","2020","2021",
"Aruba","ABW","Empleos en agricultura (% del total de empleos)","SL.AGR.EMPL.ZS","","","","","","","","","","","","","","","","","","","","","","","","","","","","","","","","","","","","","","","","","","","","","","","","","","","","","","","","","","","","","","",
"","AFE","Empleos en agricultura (% del total de empleos)","SL.AGR.EMPL.ZS","","","","","","","","","","","","","","","","","","","","","","","","","","","","","","","","65.9552685444856","65.9426393541986","65.8309156084924","65.7440954821365","65.6022667301227","65.386749362429","65.3300188191035","65.2983791560966","65.2289176145158","65.5066441427743","65.7034226603352","65.9297608971974","65.907798537146","65.6657961232842","65.7093562002671","65.1197839111997","64.628490374656","64.0349766483134","63.782248702582","63.487422146309","62.8881969216547","62.1891101890814","61.8619735443831","61.2718580652184","60.7712673006108","60.4139045175243","59.9906956206909","59.5747209006574","59.2532370480414","","",
"Afganistán","AFG","Empleos en agricultura (% del total de empleos)","SL.AGR.EMPL.ZS","","","","","","","","","","","","","","","","","","","","","","","","","","","","","","","","63.4300003051758","63.6500015258789","64.4100036621094","64.4400024414063","64.3000030517578","64.6800003051758","64.9800033569336","65.1999969482422","65.4599990844727","65.8399963378906","66.2900009155273","64.4199981689453","63.7000007629395","63.2700004577637","62.1500015258789","61.2799987792969","60.1399993896484","59.2900009155273","56.8899993896484","54.5800018310547","53.560001373291","51.4000015258789","49.8199996948242","48.4099998474121","47.0699996948242","45.810001373291","43.9900016784668","43.1300010681152","42.5","","",
"","AFW","Empleos en agricultura (% del total de empleos)","SL.AGR.EMPL.ZS","","","","","","","","","","","","","","","","","","","","","","","","","","","","","","","","59.1968079543202","59.0866366618408","59.0255488380725","58.8853478742761","58.6810021497953","58.3729901716739","58.0299291440087","57.6658152430088","57.3357992678099","56.9388584921526","56.3911787804805","55.6368706175361","55.0045544439429","54.2987396835721","53.6543388368893","53.0125962035185","52.2344559137685","51.3547089822174","50.4653272160108","49.4868056805113","48.5391260257445","47.4346232169962","46.3649288134751","45.0342664758877","43.8503151593363","43.47368271356","42.7858562500021","42.1590084438767","41.5371219522733","","",
"Angola","AGO","Empleos en agricultura (% del total de empleos)","SL.AGR.EMPL.ZS","","","","","","","","","","","","","","","","","","","","","","","","","","","","","","","","39.8300018310547","39.9000015258789","40.2099990844727","40.0900001525879","39.560001373291","38.9799995422363","38.5400009155273","38.1599998474121","37.8600006103516","37.5","37.2200012207031","36.560001373291","36.4500007629395","36.1699981689453","38.1100006103516","40.2099990844727","42.2099990844727","44.3699989318848","46.5099983215332","48.8800010681152","51.2200012207031","51.2299995422363","51.1800003051758","51.1399993896484","51.1599998474121","51.1500015258789","50.9900016784668","50.9099998474121","50.7299995422363","","",
"Albania","ALB","Empleos en agricultura (% del total de empleos)","SL.AGR.EMPL.ZS","","","","","","","","","","","","","","","","","","","","","","","","","","","","","","","","57.9099998474121","58.1100006103516","57.6199989318848","57.0800018310547","56.3600006103516","55.939998626709","56.060001373291","55.25","54.0299987792969","52.8199996948242","51.310001373291","50.1599998474121","49.2700004577637","48.3400001525879","47.3800010681152","46.2999992370605","45.5499992370605","44.6599998474121","44.0499992370605","42.0800018310547","45.3899993896484","46","44.2000007629395","42.2599983215332","41.2799987792969","40.0400009155273","38.0800018310547","37.2900009155273","36.4199981689453","","",
"Andorra","AND","Empleos en agricultura (% del total de empleos)","SL.AGR.EMPL.ZS","","","","","","","","","","","","","","","","","","","","","","","","","","","","","","","","","","","","","","","","","","","","","","","","","","","","","","","","","","","","","","",
"El mundo árabe","ARB","Empleos en agricultura (% del total de empleos)","SL.AGR.EMPL.ZS","","","","","","","","","","","","","","","","","","","","","","","","","","","","","","","","34.2616056517927","34.6745771639869","33.8444678140867","33.6148873362853","32.6865139530336","32.0253166749583","31.3709457144282","30.6333458047647","30.0448764751608","30.2882687957709","29.4859238061997","28.6933884533149","28.6650361049052","28.6424125470304","27.6757922581524","26.8391652361189","26.2541700729957","25.4055182344505","24.2807011099048","23.1169112456297","22.7179044379897","21.8448271347069","21.6901713711073","21.4648574031466","20.8290676845803","20.315232131353","19.7414035957552","18.602307564483","17.9765657861157","","",
"Emiratos Árabes Unidos","ARE","Empleos en agricultura (% del total de empleos)","SL.AGR.EMPL.ZS","","","","","","","","","","","","","","","","","","","","","","","","","","","","","","","","8.46000003814697","8.36999988555908","8.23999977111816","8.13000011444092","8","7.98999977111816","7.96000003814697","7.92000007629395","7.92000007629395","7.90000009536743","7.25","6.67000007629395","6.1100001335144","5.63000011444092","5.19000005722046","4.78000020980835","4.3899998664856","4.03999996185303","3.6800000667572","3.38000011444092","3.07999992370605","2.78999996185303","2.50999999046326","2.25","2.00999999046326","1.80999994277954","1.62000000476837","1.46000003814697","1.38999998569489","","",
"Argentina","ARG","Empleos en agricultura (% del total de empleos)","SL.AGR.EMPL.ZS","","","","","","","","","","","","","","","","","","","","","","","","","","","","","","","","0.340000003576279","0.400000005960464","0.449999988079071","0.449999988079071","0.620000004768372","0.759999990463257","0.800000011920929","0.759999990463257","0.740000009536743","0.670000016689301","0.829999983310699","0.980000019073486","1.39999997615814","1.5","1.27999997138977","1.04999995231628","1.12000000476837","1.20000004768372","1.23000001907349","1.26999998092651","0.639999985694885","0.620000004768372","0.620000004768372","0.550000011920929","0.259999990463257","0.129999995231628","0.0599999986588955","0.100000001490116","0.0599999986588955","","",
"Armenia","ARM","Empleos en agricultura (% del total de empleos)","SL.AGR.EMPL.ZS","","","","","","","","","","","","","","","","","","","","","","","","","","","","","","","","43.7799987792969","44.3600006103516","44.6399993896484","44.689998626709","44.5299987792969","44.3300018310547","44.1300010681152","43.7599983215332","43.3699989318848","42.9099998474121","42.1500015258789","41.2599983215332","40.2200012207031","39.4099998474121","38.5200004577637","37.4599990844727","36.5299987792969","37.7999992370605","39.4500007629395","38.5999984741211","38.9300003051758","37.25","36.2799987792969","34.8300018310547","35.3300018310547","33.5999984741211","31.3400001525879","25.7800006866455","24.0499992370605","","",
"Samoa Americana","ASM","Empleos en agricultura (% del total de empleos)","SL.AGR.EMPL.ZS","","","","","","","","","","","","","","","","","","","","","","","","","","","","","","","","","","","","","","","","","","","","","","","","","","","","","","","","","","","","","","",
"Antigua y Barbuda","ATG","Empleos en agricultura (% del total de empleos)","SL.AGR.EMPL.ZS","","","","","","","","","","","","","","","","","","","","","","","","","","","","","","","","","","","","","","","","","","","","","","","","","","","","","","","","","","","","","","",
"Australia","AUS","Empleos en agricultura (% del total de empleos)","SL.AGR.EMPL.ZS","","","","","","","","","","","","","","","","","","","","","","","","","","","","","","","","5.3600001335144","5.05000019073486","5.11999988555908","4.90000009536743","4.78000020980835","4.84000015258789","4.90999984741211","4.84999990463257","4.92999982833862","4.8600001335144","4.75","4.38000011444092","3.91000008583069","3.74000000953674","3.57999992370605","3.41000008583069","3.3199999332428","3.30999994277954","3.23000001907349","3.23000001907349","2.8199999332428","2.79999995231628","2.61999988555908","2.79999995231628","2.64000010490417","2.61999988555908","2.59999990463257","2.61999988555908","2.55999994277954","","",
"Austria","AUT","Empleos en agricultura (% del total de empleos)","SL.AGR.EMPL.ZS","","","","","","","","","","","","","","","","","","","","","","","","","","","","","","","","7.78000020980835","7.61999988555908","7.40999984741211","7.19999980926514","7.34000015258789","7.42999982833862","6.8899998664856","6.48999977111816","6.23000001907349","6.05000019073486","5.80999994277954","5.76000022888184","5.5","4.90000009536743","5.26999998092651","5.23999977111816","5.53000020980835","5.25","5.32000017166138","5.21000003814697","4.94000005722046","4.67999982833862","4.57999992370605","4.84000015258789","4.53000020980835","4.34999990463257","3.9300000667572","3.69000005722046","3.66000008583069","","",
"Azerbaiyán","AZE","Empleos en agricultura (% del total de empleos)","SL.AGR.EMPL.ZS","","","","","","","","","","","","","","","","","","","","","","","","","","","","","","","","40.8699989318848","41.4099998474121","41.3199996948242","42.2000007629395","43.310001373291","43.3499984741211","42.9199981689453","42.2999992370605","42.310001373291","41.0099983215332","39.9500007629395","40.189998626709","39.8899993896484","39.5400009155273","39.3199996948242","39.5499992370605","38.5499992370605","39.5900001525879","38.1199989318848","38.2299995422363","37.8800010681152","37.6500015258789","37.0999984741211","36.75","36.3600006103516","36.3400001525879","36.3499984741211","36.2599983215332","36","","",
"Burundi","BDI","Empleos en agricultura (% del total de empleos)","SL.AGR.EMPL.ZS","","","","","","","","","","","","","","","","","","","","","","","","","","","","","","","","92.129997253418","92.129997253418","92.1900024414063","92.2200012207031","92.3000030517578","92.370002746582","92.3499984741211","92.2099990844727","91.9899978637695","91.7600021362305","91.4800033569336","91.1699981689453","90.9300003051758","90.620002746582","90.3000030517578","89.9199981689453","89.5299987792969","89.1100006103516","88.6800003051758","88.2200012207031","87.75","87.2399978637695","86.7099990844727","86.1900024414063","86.2900009155273","86.2799987792969","86.3099975585938","86.25","86.2099990844727","","",
"Bélgica","BEL","Empleos en agricultura (% del total de empleos)","SL.AGR.EMPL.ZS","","","","","","","","","","","","","","","","","","","","","","","","","","","","","","","","3","2.90000009536743","2.63000011444092","2.89000010490417","2.6800000667572","2.75","2.66000008583069","2.24000000953674","2.39000010490417","1.9099999666214","1.37999999523163","1.78999996185303","1.72000002861023","2.22000002861023","2.03999996185303","1.95000004768372","1.86000001430511","1.54999995231628","1.49000000953674","1.35000002384186","1.29999995231628","1.16999995708466","1.36000001430511","1.22000002861023","1.17999994754791","1.25","1.1599999666214","0.990000009536743","0.920000016689301","","",
"Benin","BEN","Empleos en agricultura (% del total de empleos)","SL.AGR.EMPL.ZS","","","","","","","","","","","","","","","","","","","","","","","","","","","","","","","","50.9000015258789","50.7999992370605","50.6399993896484","50.2599983215332","50.060001373291","49.8300018310547","49.5099983215332","49.25","48.8499984741211","48.3899993896484","47.9099998474121","47.4599990844727","47.0699996948242","46.6500015258789","46.3199996948242","45.8800010681152","45.3400001525879","44.8499984741211","44.4500007629395","44.0699996948242","43.6100006103516","43.0299987792969","42.2700004577637","41.560001373291","41.0800018310547","40.5900001525879","39.8699989318848","39.0800018310547","38.2700004577637","","",
"Burkina Faso","BFA","Empleos en agricultura (% del total de empleos)","SL.AGR.EMPL.ZS","","","","","","","","","","","","","","","","","","","","","","","","","","","","","","","","89.7799987792969","89.6399993896484","89.4199981689453","89.1399993896484","88.0699996948242","86.7699966430664","85.4000015258789","83.8600006103516","82.1399993896484","80.4300003051758","78.3499984741211","76.1100006103516","73.4599990844727","70.7200012207031","67.5199966430664","64.0899963378906","60.5299987792969","56.6599998474121","52.7000007629395","48.2200012207031","43.7200012207031","39.2000007629395","34.7299995422363","30.3799991607666","29.75","28.9300003051758","28.0200004577637","27.0799999237061","26.2099990844727","","",
"Bangladesh","BGD","Empleos en agricultura (% del total de empleos)","SL.AGR.EMPL.ZS","","","","","","","","","","","","","","","","","","","","","","","","","","","","","","","","69.5100021362305","68.9000015258789","68.120002746582","67.2200012207031","66.0299987792969","64.629997253418","64.8600006103516","64.9300003051758","64.9400024414063","64.8099975585938","62.3899993896484","59.9000015258789","57.189998626709","54.2999992370605","51.1699981689453","48.0800018310547","47.8499984741211","47.6699981689453","47.5299987792969","47.310001373291","46.5499992370605","45.7599983215332","45.0099983215332","44.2700004577637","43.4599990844727","42.6599998474121","40.5999984741211","39.3899993896484","38.2999992370605","","",
"Bulgaria","BGR","Empleos en agricultura (% del total de empleos)","SL.AGR.EMPL.ZS","","","","","","","","","","","","","","","","","","","","","","","","","","","","","","","","19.5400009155273","19","18.3199996948242","17.4899997711182","16.6200008392334","15.6000003814697","15.5600004196167","14.3199996948242","13.8800001144409","13.1999998092651","9.6899995803833","10.710000038147","11.1400003433228","10.75","8.9399995803833","8.10999965667725","7.53999996185303","7.46999979019165","7.09000015258789","6.82000017166138","6.78000020980835","6.44000005722046","6.65999984741211","7.01000022888184","6.8600001335144","6.75","7.01000022888184","6.57999992370605","6.61999988555908","","",
"Bahrein","BHR","Empleos en agricultura (% del total de empleos)","SL.AGR.EMPL.ZS","","","","","","","","","","","","","","","","","","","","","","","","","","","","","","","","2.4300000667572","2.33999991416931","2.24000000953674","2.14000010490417","2.04999995231628","1.97000002861023","1.87999999523163","1.79999995231628","1.72000002861023","1.64999997615814","1.57000005245209","1.51999998092651","1.47000002861023","1.4099999666214","1.35000002384186","1.28999996185303","1.24000000953674","1.17999994754791","1.13999998569489","1.08000004291534","1.0900000333786","1.0900000333786","1.0900000333786","1.08000004291534","1.08000004291534","1.03999996185303","1.00999999046326","0.970000028610229","0.939999997615814","","",
"Bahamas","BHS","Empleos en agricultura (% del total de empleos)","SL.AGR.EMPL.ZS","","","","","","","","","","","","","","","","","","","","","","","","","","","","","","","","5.25","5.25","5.46000003814697","5.42999982833862","4.34000015258789","5","3.83999991416931","3.52999997138977","4.03000020980835","4.1100001335144","4.19999980926514","3.71000003814697","3","4.42999982833862","3.49000000953674","2.5","2.30999994277954","2.9300000667572","2.88000011444092","2.71000003814697","2.65000009536743","2.61999988555908","2.5699999332428","2.49000000953674","2.44000005722046","2.38000011444092","2.32999992370605","2.25999999046326","2.20000004768372","","",
"Bosnia y Herzegovina","BIH","Empleos en agricultura (% del total de empleos)","SL.AGR.EMPL.ZS","","","","","","","","","","","","","","","","","","","","","","","","","","","","","","","","35.3400001525879","35.2599983215332","34.8600006103516","33.7799987792969","32.3699989318848","30.2700004577637","28.7099990844727","27.3099994659424","26.1900005340576","25.2299995422363","24.4400005340576","23.4500007629395","22.7000007629395","22.1000003814697","21.3099994659424","20.5499992370605","19.8199996948242","20.5799999237061","21.2299995422363","19.7000007629395","19.6100006103516","20.5599994659424","18.8600006103516","17.0799999237061","17.5200004577637","17.9599990844727","16.8199996948242","15.7299995422363","17.9599990844727","","",
"Belarús","BLR","Empleos en agricultura (% del total de empleos)","SL.AGR.EMPL.ZS","","","","","","","","","","","","","","","","","","","","","","","","","","","","","","","","15.1000003814697","15.4300003051758","15.5200004577637","15.6800003051758","15.8900003433228","15.8800001144409","15.6899995803833","15.5100002288818","15.3800001144409","15.1199998855591","14.7200002670288","14.4099998474121","13.9700002670288","13.5","12.9899997711182","12.539999961853","12.0699996948242","11.6300001144409","11.3500003814697","10.8900003433228","10.5900001525879","10.3100004196167","10.1400003433228","9.89000034332275","9.69999980926514","9.72999954223633","10.6999998092651","11.3100004196167","11.0600004196167","","",
"Belice","BLZ","Empleos en agricultura (% del total de empleos)","SL.AGR.EMPL.ZS","","","","","","","","","","","","","","","","","","","","","","","","","","","","","","","","24.3099994659424","24.1700000762939","23.9400005340576","23.1100006103516","27.1499996185303","28.6800003051758","29.9099998474121","25.0200004577637","27.4699993133545","26.0100002288818","24.6700000762939","23.3400001525879","22","20.7800006866455","19.5599994659424","19.4200000762939","19.3099994659424","19.1299991607666","19.0400009155273","18.9099998474121","18.7900009155273","18.6200008392334","18.4599990844727","18.25","18.0799999237061","18.5599994659424","17.4200000762939","17.0100002288818","16.7999992370605","","",
"Bermudas","BMU","Empleos en agricultura (% del total de empleos)","SL.AGR.EMPL.ZS","","","","","","","","","","","","","","","","","","","","","","","","","","","","","","","","","","","","","","","","","","","","","","","","","","","","","","","","","","","","","","",
"Bolivia","BOL","Empleos en agricultura (% del total de empleos)","SL.AGR.EMPL.ZS","","","","","","","","","","","","","","","","","","","","","","","","","","","","","","","","42.4599990844727","42.3400001525879","42.1500015258789","41.9099998474121","41.5800018310547","41.2900009155273","41.2299995422363","40.689998626709","39.9500007629395","38.939998626709","44.2000007629395","42.3899993896484","35.0900001525879","35.0900001525879","38.6100006103516","39.5","36.0999984741211","31.2000007629395","30.0900001525879","30","29.7900009155273","27.7900009155273","29.2299995422363","30.8500003814697","27.8500003814697","29.6800003051758","30.4899997711182","31.0599994659424","30.5400009155273","","",
"Brasil","BRA","Empleos en agricultura (% del total de empleos)","SL.AGR.EMPL.ZS","","","","","","","","","","","","","","","","","","","","","","","","","","","","","","","","19.6399993896484","19.75","19.3099994659424","18.6900005340576","18.1399993896484","17.1000003814697","16.8500003814697","16.2000007629395","16.6900005340576","16.4899997711182","16.4200000762939","16.5300006866455","16.6800003051758","17.1399993896484","16.6200008392334","15.6199998855591","14.6800003051758","13.8500003814697","13.4300003051758","12.6599998474121","11.9899997711182","11.4700002670288","11.1700000762939","10.3400001525879","10.1999998092651","10.1400003433228","9.46000003814697","9.26000022888184","9.07999992370605","","",
"Barbados","BRB","Empleos en agricultura (% del total de empleos)","SL.AGR.EMPL.ZS","","","","","","","","","","","","","","","","","","","","","","","","","","","","","","","","5.51999998092651","6.23999977111816","5.55999994277954","5.30999994277954","4.6399998664856","5.26999998092651","4.82999992370605","4.44000005722046","4.30999994277954","4.23000001907349","4.19999980926514","4.03999996185303","4.55999994277954","3.41000008583069","3.51999998092651","3.60999989509583","3.00999999046326","2.77999997138977","2.94000005722046","2.83999991416931","3.26999998092651","2.77999997138977","2.71000003814697","2.72000002861023","2.89000010490417","2.85999989509583","2.75999999046326","2.70000004768372","2.65000009536743","","",
"Brunei Darussalam","BRN","Empleos en agricultura (% del total de empleos)","SL.AGR.EMPL.ZS","","","","","","","","","","","","","","","","","","","","","","","","","","","","","","","","2.02999997138977","1.89999997615814","1.77999997138977","1.67999994754791","1.55999994277954","1.48000001907349","1.4099999666214","1.32000005245209","1.26999998092651","1.21000003814697","1.12999999523163","1.07000005245209","1.01999998092651","0.970000028610229","0.920000016689301","0.870000004768372","0.810000002384186","0.779999971389771","0.730000019073486","0.689999997615814","0.649999976158142","0.620000004768372","0.579999983310699","0.550000011920929","0.740000009536743","1.00999999046326","1.36000001430511","1.05999994277954","1.95000004768372","","",
"Bhután","BTN","Empleos en agricultura (% del total de empleos)","SL.AGR.EMPL.ZS","","","","","","","","","","","","","","","","","","","","","","","","","","","","","","","","69.8499984741211","69.6399993896484","69.4499969482422","69.1999969482422","68.9300003051758","68.5299987792969","68.2200012207031","67.9199981689453","67.4599990844727","66.7799987792969","66.0599975585938","65.3000030517578","64.6800003051758","64.0100021362305","63.3199996948242","62.7999992370605","62.2299995422363","61.7299995422363","60.7799987792969","59.5999984741211","60.1500015258789","58.3499984741211","56.3400001525879","56.6500015258789","58","57.2200012207031","56.5200004577637","56.1199989318848","55.7799987792969","","",
"Botswana","BWA","Empleos en agricultura (% del total de empleos)","SL.AGR.EMPL.ZS","","","","","","","","","","","","","","","","","","","","","","","","","","","","","","","","15.8999996185303","15.6999998092651","15.6599998474121","15.6000003814697","15.2600002288818","15.0699996948242","17.7600002288818","20.7299995422363","20.3199996948242","19.9599990844727","20.4899997711182","20.8199996948242","21.2199993133545","21.9599990844727","22.6599998474121","23.2199993133545","23.7700004577637","24.3899993896484","25.0900001525879","24.5900001525879","24.0599994659424","23.5699996948242","22.8600006103516","22.2900009155273","21.8999996185303","21.3600006103516","20.8799991607666","20.3700008392334","19.8999996185303","","",
"República Centroafricana","CAF","Empleos en agricultura (% del total de empleos)","SL.AGR.EMPL.ZS","","","","","","","","","","","","","","","","","","","","","","","","","","","","","","","","75.6699981689453","75.8199996948242","75.8600006103516","75.8199996948242","75.6800003051758","75.8499984741211","75.75","75.5899963378906","75.4499969482422","75.5100021362305","75.2600021362305","75.0199966430664","75.1699981689453","74.8000030517578","74.620002746582","74.2200012207031","73.8300018310547","73.5100021362305","72.9300003051758","72.5100021362305","72.0800018310547","71.5699996948242","72.5299987792969","72.3000030517578","71.8300018310547","71.3000030517578","70.7799987792969","70.3000030517578","69.8499984741211","","",
"Canadá","CAN","Empleos en agricultura (% del total de empleos)","SL.AGR.EMPL.ZS","","","","","","","","","","","","","","","","","","","","","","","","","","","","","","","","3.49000000953674","3.45000004768372","3.48000001907349","3.34999990463257","3.15000009536743","3.10999989509583","3.00999999046326","2.99000000953674","2.80999994277954","2.51999998092651","2.16000008583069","2.11999988555908","2.10999989509583","2.01999998092651","2.11999988555908","2.10999989509583","2","1.94000005722046","1.95000004768372","1.80999994277954","1.78999996185303","1.75","1.77999997138977","1.71000003814697","1.63999998569489","1.58000004291534","1.51999998092651","1.49000000953674","1.50999999046326","","",
"Europa Central y del Báltico","CEB","Empleos en agricultura (% del total de empleos)","SL.AGR.EMPL.ZS","","","","","","","","","","","","","","","","","","","","","","","","","","","","","","","","21.668429263507","22.2251210674836","22.5173742794962","22.724862514218","22.3935749269822","21.3031132918001","21.8205602276033","21.442201171751","21.496766181068","21.3077058307201","20.8071502192786","18.8812926033322","18.1505477207409","16.6137025672164","16.0343503030788","14.896834652953","13.9811695569996","13.2050555791586","13.1233217183548","13.4506594572036","12.9926152403279","12.8875546317404","12.4603348991943","12.0331581025901","11.4008347073241","10.367010364373","10.1495656820037","9.70153096382882","9.27586906595012","","",
"Suiza","CHE","Empleos en agricultura (% del total de empleos)","SL.AGR.EMPL.ZS","","","","","","","","","","","","","","","","","","","","","","","","","","","","","","","","4.30000019073486","4.19999980926514","4.51000022888184","4.40999984741211","4.44999980926514","4.3899998664856","4.59999990463257","4.6100001335144","4.78000020980835","4.84999990463257","4.34999990463257","4.28999996185303","4.23999977111816","3.89000010490417","3.90000009536743","3.80999994277954","4","3.58999991416931","3.25","3.47000002861023","3.50999999046326","3.52999997138977","3.52999997138977","3.57999992370605","3.44000005722046","3.35999989509583","3.10999989509583","3.02999997138977","2.58999991416931","","",
"Islas del Canal","CHI","Empleos en agricultura (% del total de empleos)","SL.AGR.EMPL.ZS","","","","","","","","","","","","","","","","","","","","","","","","","","","","","","","","5.46000003814697","5.40000009536743","5.32000017166138","5.21999979019165","5.11999988555908","5.01000022888184","4.8899998664856","4.76000022888184","4.61999988555908","4.44999980926514","4.36999988555908","4.28999996185303","4.23000001907349","4.11999988555908","4.01000022888184","3.84999990463257","3.70000004768372","3.61999988555908","3.57999992370605","3.48000001907349","3.38000011444092","3.27999997138977","3.17000007629395","3.05999994277954","2.96000003814697","2.86999988555908","2.77999997138977","2.70000004768372","2.61999988555908","","",
"Chile","CHL","Empleos en agricultura (% del total de empleos)","SL.AGR.EMPL.ZS","","","","","","","","","","","","","","","","","","","","","","","","","","","","","","","","19.0900001525879","18.0200004577637","16.5499992370605","16.2199993133545","15.710000038147","15.4099998474121","14.4200000762939","14.4399995803833","14.4300003051758","14.4399995803833","13.6000003814697","13.5","13.6000003814697","13.3599996566772","13.1599998474121","12.8500003814697","12.3100004196167","11.7200002670288","11.1800003051758","10.6099996566772","10.2600002288818","9.97999954223633","9.47999954223633","9.39999961853027","9.38000011444092","9.47999954223633","9.25","9.22000026702881","8.97999954223633","","",
"China","CHN","Empleos en agricultura (% del total de empleos)","SL.AGR.EMPL.ZS","","","","","","","","","","","","","","","","","","","","","","","","","","","","","","","","59.7000007629395","58.5","56.4000015258789","54.2999992370605","52.2000007629395","50.5","49.9000015258789","49.7999992370605","50.0999984741211","50.0099983215332","50.0099983215332","50.0099983215332","49.0999984741211","46.9000015258789","44.7999992370605","42.5999984741211","40.7999992370605","39.5999984741211","38.0999984741211","36.7000007629395","34.7999992370605","33.5999984741211","31.3999996185303","29.5","28.5900001525879","27.7000007629395","26.9799995422363","26.0699996948242","25.3299999237061","","",
"Côte d'Ivoire","CIV","Empleos en agricultura (% del total de empleos)","SL.AGR.EMPL.ZS","","","","","","","","","","","","","","","","","","","","","","","","","","","","","","","","52.7599983215332","52.7400016784668","52.7200012207031","52.6699981689453","52.4000015258789","52.0499992370605","51.75","51.4500007629395","51.2200012207031","51.1399993896484","51.0099983215332","50.8699989318848","50.689998626709","50.2999992370605","49.9000015258789","49.5099983215332","49.0400009155273","48.5400009155273","47.9300003051758","47.4500007629395","47.3300018310547","46.2200012207031","45.1699981689453","44.3300018310547","43.5","42.75","41.8899993896484","41.0099983215332","40.1500015258789","","",
"Camerún","CMR","Empleos en agricultura (% del total de empleos)","SL.AGR.EMPL.ZS","","","","","","","","","","","","","","","","","","","","","","","","","","","","","","","","68.0299987792969","68.120002746582","68.3099975585938","68.2300033569336","68.1100006103516","67.9199981689453","67.6399993896484","67.3000030517578","66.9100036621094","66.4700012207031","65.8899993896484","65","64.0400009155273","62.939998626709","62.0299987792969","60.9799995422363","59.8300018310547","58.25","56.6599998474121","55","53.2400016784668","51.4000015258789","49.4799995422363","47.6100006103516","46.5800018310547","45.7099990844727","44.9099998474121","44.1699981689453","43.4900016784668","","",
"Congo, República Democrática del","COD","Empleos en agricultura (% del total de empleos)","SL.AGR.EMPL.ZS","","","","","","","","","","","","","","","","","","","","","","","","","","","","","","","","71.8199996948242","72.0800018310547","72.3899993896484","72.5899963378906","72.6100006103516","72.6399993896484","72.8899993896484","72.9400024414063","73.1399993896484","73.4599990844727","73.4199981689453","73.1699981689453","72.8099975585938","72.3199996948242","71.870002746582","71.4499969482422","70.9199981689453","70.4400024414063","70.0899963378906","69.5400009155273","68.9599990844727","68.3399963378906","67.6100006103516","66.8099975585938","66.1500015258789","65.8000030517578","65.379997253418","64.8099975585938","64.3000030517578","","",
"Congo, República del","COG","Empleos en agricultura (% del total de empleos)","SL.AGR.EMPL.ZS","","","","","","","","","","","","","","","","","","","","","","","","","","","","","","","","43.25","43.2000007629395","43.2000007629395","43.3300018310547","43.1699981689453","43","42.9900016784668","42.7000007629395","42.75","42.2900009155273","41.8300018310547","41.310001373291","41.0099983215332","40.6100006103516","39.9700012207031","39.3899993896484","39.25","38.7099990844727","37.9500007629395","37.2400016784668","36.7099990844727","36.1699981689453","35.6199989318848","34.8800010681152","34.3499984741211","34.2200012207031","34.0699996948242","33.7400016784668","33.5299987792969","","",
"Colombia","COL","Empleos en agricultura (% del total de empleos)","SL.AGR.EMPL.ZS","","","","","","","","","","","","","","","","","","","","","","","","","","","","","","","","23.75","23.5900001525879","23.3700008392334","23.0900001525879","22.8400001525879","22.6200008392334","22.2999992370605","22.1800003051758","22.3500003814697","22.4300003051758","22.2000007629395","21.9300003051758","21.5499992370605","21.0300006866455","20.6599998474121","20.0100002288818","19.3700008392334","19.0300006866455","18.6200008392334","18.3799991607666","17.8099994659424","17.4099998474121","16.6000003814697","16.2299995422363","16.0100002288818","16.0100002288818","16.5300006866455","16.7099990844727","15.7700004577637","","",
"Comoras","COM","Empleos en agricultura (% del total de empleos)","SL.AGR.EMPL.ZS","","","","","","","","","","","","","","","","","","","","","","","","","","","","","","","","59.3199996948242","59.1699981689453","59.1199989318848","59.25","59.1399993896484","59.1399993896484","58.939998626709","58.7900009155273","58.560001373291","57.8699989318848","57.4199981689453","56.9000015258789","56.3600006103516","55.7200012207031","54.1199989318848","52.4900016784668","50.8699989318848","49.0999984741211","47.3199996948242","45.4799995422363","43.6100006103516","41.7700004577637","39.8499984741211","38.0099983215332","37.2700004577637","36.4900016784668","35.7000007629395","34.9900016784668","34.3800010681152","","",
"Cabo Verde","CPV","Empleos en agricultura (% del total de empleos)","SL.AGR.EMPL.ZS","","","","","","","","","","","","","","","","","","","","","","","","","","","","","","","","30.0200004577637","29.6000003814697","29.2000007629395","28.5499992370605","27.8799991607666","27.2000007629395","26.4599990844727","25.5900001525879","24.7000007629395","23.6499996185303","23.0200004577637","22.2299995422363","21.5300006866455","20.5900001525879","19.8099994659424","19","18.0499992370605","17.3600006103516","16.9899997711182","16.5400009155273","16.0300006866455","15.6400003433228","15.2700004577637","14.9099998474121","14.539999961853","14.0600004196167","13.6099996566772","11.8400001525879","10.6000003814697","","",
"Costa Rica","CRI","Empleos en agricultura (% del total de empleos)","SL.AGR.EMPL.ZS","","","","","","","","","","","","","","","","","","","","","","","","","","","","","","","","17.8999996185303","17.75","17.6499996185303","17.3299999237061","17.5799999237061","17.5","17.1399993896484","16.9599990844727","16.5100002288818","16.25","15.6499996185303","15.9099998474121","15.210000038147","14.8800001144409","15.25","14.039999961853","13.2700004577637","12.3900003433228","11.8400001525879","11.3699998855591","10.9099998474121","10.2799997329712","9.89999961853027","11.1599998474121","12.3100004196167","12.210000038147","12.5799999237061","12.3999996185303","11.9700002670288","","",
"Estados pequeos del Caribe","CSS","Empleos en agricultura (% del total de empleos)","SL.AGR.EMPL.ZS","","","","","","","","","","","","","","","","","","","","","","","","","","","","","","","","21.4809392588627","21.1659594417587","19.7063124108667","19.526822027343","18.5371666187085","17.9888357759677","16.9143303290523","16.1976848843802","15.8733256168584","15.5140960610126","15.3883048706386","14.6925113823999","14.493219169174","13.3144296862596","12.9761462954418","13.0106808220424","12.8317345646581","12.6660770037278","12.5818907726566","12.3782729477199","12.211707045933","12.3021598847656","12.1603410920644","12.1870318021421","11.858660030599","11.4682355209214","11.4383102809123","11.1823431739657","10.7023950237395","","",
"Cuba","CUB","Empleos en agricultura (% del total de empleos)","SL.AGR.EMPL.ZS","","","","","","","","","","","","","","","","","","","","","","","","","","","","","","","","24.9099998474121","25.2999992370605","25.8899993896484","25.4599990844727","25.1000003814697","25.1000003814697","25.1000003814697","26.1900005340576","27.1200008392334","27.1200008392334","25.8999996185303","24.6900005340576","23.5200004577637","22.3099994659424","21.0799999237061","19.8600006103516","18.7399997711182","18.5699996948242","18.7199993133545","18.6000003814697","19.6900005340576","19.2600002288818","18.6100006103516","18.8999996185303","18.6499996185303","18.3199996948242","17.9899997711182","17.6900005340576","17.3999996185303","","",
"Curacao","CUW","Empleos en agricultura (% del total de empleos)","SL.AGR.EMPL.ZS","","","","","","","","","","","","","","","","","","","","","","","","","","","","","","","","","","","","","","","","","","","","","","","","","","","","","","","","","","","","","","",
"Islas Caimán","CYM","Empleos en agricultura (% del total de empleos)","SL.AGR.EMPL.ZS","","","","","","","","","","","","","","","","","","","","","","","","","","","","","","","","","","","","","","","","","","","","","","","","","","","","","","","","","","","","","","",
"Chipre","CYP","Empleos en agricultura (% del total de empleos)","SL.AGR.EMPL.ZS","","","","","","","","","","","","","","","","","","","","","","","","","","","","","","","","12.6300001144409","12.1599998474121","11.8699998855591","11.1000003814697","10.8199996948242","9.55000019073486","8.34000015258789","7.23999977111816","6.25","5.40999984741211","4.84000015258789","5.25","5.19000005722046","5.09999990463257","4.73999977111816","4.26000022888184","4.3899998664856","4.23000001907349","3.9300000667572","3.79999995231628","3.82999992370605","2.91000008583069","3.10999989509583","4.42999982833862","4","3.64000010490417","2.52999997138977","2.17000007629395","2.41000008583069","","",
"República Checa","CZE","Empleos en agricultura (% del total de empleos)","SL.AGR.EMPL.ZS","","","","","","","","","","","","","","","","","","","","","","","","","","","","","","","","8.18000030517578","8.07999992370605","7.80000019073486","6.94999980926514","6.6399998664856","6.21999979019165","5.78999996185303","5.55000019073486","5.30999994277954","5.21999979019165","4.86999988555908","4.90000009536743","4.51000022888184","4.44999980926514","3.98000001907349","3.75999999046326","3.57999992370605","3.17000007629395","3.11999988555908","3.09999990463257","2.99000000953674","3.04999995231628","3.02999997138977","2.75","2.9300000667572","2.90000009536743","2.79999995231628","2.79999995231628","2.66000008583069","","",
"Alemania","DEU","Empleos en agricultura (% del total de empleos)","SL.AGR.EMPL.ZS","","","","","","","","","","","","","","","","","","","","","","","","","","","","","","","","3.48000001907349","3.40000009536743","3.34999990463257","3.25999999046326","3.17000007629395","2.94000005722046","2.94000005722046","2.77999997138977","2.86999988555908","2.64000010490417","2.61999988555908","2.49000000953674","2.4300000667572","2.35999989509583","2.36999988555908","2.26999998092651","2.25999999046326","1.78999996185303","1.67999994754791","1.64999997615814","1.64999997615814","1.55999994277954","1.45000004768372","1.42999994754791","1.38999998569489","1.30999994277954","1.27999997138977","1.25","1.21000003814697","","",
"Djibouti","DJI","Empleos en agricultura (% del total de empleos)","SL.AGR.EMPL.ZS","","","","","","","","","","","","","","","","","","","","","","","","","","","","","","","","41.1599998474121","41.060001373291","41.0999984741211","40.9799995422363","40.939998626709","40.9500007629395","40.8699989318848","40.7299995422363","40.3899993896484","40.0800018310547","39.5999984741211","38.9700012207031","38.310001373291","37.6500015258789","36.939998626709","36.0999984741211","35.2299995422363","34.2999992370605","33.6399993896484","32.8199996948242","31.8299999237061","30.9899997711182","30.1499996185303","29.1900005340576","28.2099990844727","27.2900009155273","26.4500007629395","25.4699993133545","24.5499992370605","","",
"Dominica","DMA","Empleos en agricultura (% del total de empleos)","SL.AGR.EMPL.ZS","","","","","","","","","","","","","","","","","","","","","","","","","","","","","","","","","","","","","","","","","","","","","","","","","","","","","","","","","","","","","","",
"Dinamarca","DNK","Empleos en agricultura (% del total de empleos)","SL.AGR.EMPL.ZS","","","","","","","","","","","","","","","","","","","","","","","","","","","","","","","","5.46000003814697","5.26999998092651","5.1399998664856","5.05000019073486","4.3899998664856","3.88000011444092","3.74000000953674","3.71000003814697","3.3199999332428","3.67000007629395","3.54999995231628","3.21000003814697","3.29999995231628","3.26999998092651","3.1800000667572","3.08999991416931","2.96000003814697","2.71000003814697","2.75999999046326","2.53999996185303","2.40000009536743","2.64000010490417","2.58999991416931","2.48000001907349","2.49000000953674","2.32999992370605","2.10999989509583","2.19000005722046","2.22000002861023","","",
"República Dominicana","DOM","Empleos en agricultura (% del total de empleos)","SL.AGR.EMPL.ZS","","","","","","","","","","","","","","","","","","","","","","","","","","","","","","","","21.75","21.4599990844727","21.2000007629395","20.7600002288818","20.3500003814697","19.8999996185303","20.0200004577637","17.0900001525879","17.5400009155273","15.6000003814697","14.3900003433228","15.2200002670288","14.2700004577637","14.2399997711182","13.6800003051758","13.6899995803833","12.8500003814697","12.6800003051758","13.1300001144409","12.4200000762939","12.039999961853","11.3599996566772","11.0799999237061","11.2600002288818","9.72000026702881","8.93000030517578","9.57999992370605","9.32999992370605","8.77999973297119","","",
"Argelia","DZA","Empleos en agricultura (% del total de empleos)","SL.AGR.EMPL.ZS","","","","","","","","","","","","","","","","","","","","","","","","","","","","","","","","24.8799991607666","24.7299995422363","24.5599994659424","24.3600006103516","24.1299991607666","23.8700008392334","23.5400009155273","23.1800003051758","22.8500003814697","22.3400001525879","21.7099990844727","21.7199993133545","21.7199993133545","20.1000003814697","18.5400009155273","17.0599994659424","15.6300001144409","14.3299999237061","13.0299997329712","11.8699998855591","10.7700004577637","10.6899995803833","10.5900001525879","10.4899997711182","10.3800001144409","10.2799997329712","10.1599998474121","9.88000011444092","9.60000038146973","","",
"Asia oriental y el Pacífico (excluido altos ingresos)","EAP","Empleos en agricultura (% del total de empleos)","SL.AGR.EMPL.ZS","","","","","","","","","","","","","","","","","","","","","","","","","","","","","","","","59.3009056627216","58.3223689686226","56.2785109643653","54.223208781518","52.0313039874413","50.5490030814513","49.8824610623964","49.9506843893574","50.1128521519393","49.9539022089255","49.5825017752653","49.4324092629141","48.6907910791181","46.5513882154862","44.872736446588","42.9259686394598","41.3773096779829","40.4377605790835","39.1886241029302","38.0388523609461","36.520366374042","35.4899531749408","33.6901712864909","31.8886565126241","30.8644928182667","29.7869249605252","29.0206016850528","28.0919358660904","27.2633562236044","","",
"inicial del dividendo demográfico","EAR","Empleos en agricultura (% del total de empleos)","SL.AGR.EMPL.ZS","","","","","","","","","","","","","","","","","","","","","","","","","","","","","","","","53.4846981650445","53.1722781554572","52.5946888787467","51.8135129069975","51.0817094034968","50.5339969843818","50.0456510759924","49.8413038748283","49.5173172895419","49.2445191575276","48.6896639178177","48.3960376683948","47.9116103699987","46.8302977015225","46.2075213204662","45.0922583398153","44.2407147845395","43.7372209364041","42.9974057650891","42.1819589867803","40.8629151691103","39.450284156203","38.863676886023","38.3074863884565","37.5305781766627","36.8805167819218","36.1288216400075","35.2567798369987","34.6015064502764","","",
"Asia oriental y el Pacífico","EAS","Empleos en agricultura (% del total de empleos)","SL.AGR.EMPL.ZS","","","","","","","","","","","","","","","","","","","","","","","","","","","","","","","","53.5896940202052","52.7089052523931","50.8883577086191","49.0418568691491","47.0785090914705","45.7624501689073","45.1483697524019","45.3195294065895","45.4921091148281","45.3437525018453","44.9979224154426","44.8664979030948","44.2179525604932","42.2877289887581","40.752118730039","38.9828753755049","37.5770623596993","36.7215934905006","35.6404138799211","34.5945517096144","33.2309264684115","32.3026942096274","30.6772408271937","29.0255963027044","28.0867559139092","27.0967577108301","26.3876805311116","25.5401592889302","24.7798528291854","","",
"Europa y Asia central (excluido altos ingresos)","ECA","Empleos en agricultura (% del total de empleos)","SL.AGR.EMPL.ZS","","","","","","","","","","","","","","","","","","","","","","","","","","","","","","","","23.4977479309316","24.0684656155394","24.3806830862041","25.0270979720425","25.0000968240397","24.7568035988231","23.4428354510129","23.2663988082708","24.41559968612","23.8228729515274","22.4789690794431","21.8255833187776","21.2302089439107","20.5120472361545","19.9424080508585","19.3414035460855","18.4924805371188","18.0787639268567","17.742469857303","17.3344101456133","17.3589510962195","16.9114757932376","16.7083219056193","15.5055075166814","15.3298363915327","15.1462791883467","14.6185401207224","14.0737842494535","13.7590349208577","","",
"Europa y Asia central","ECS","Empleos en agricultura (% del total de empleos)","SL.AGR.EMPL.ZS","","","","","","","","","","","","","","","","","","","","","","","","","","","","","","","","15.4091634342941","15.7189736688787","15.7755546540328","15.9807615617162","15.7558701255297","15.3525192752534","14.7281934229107","14.4070251112328","14.7990074081147","14.4087576530612","13.6906944179405","13.0999636964297","12.698788689032","12.1079257925841","11.7897816797615","11.3502461901669","10.8481250615806","10.3988856318968","10.2714352965987","10.1936437324901","10.1512664936933","9.97987940830603","9.82427019247693","9.23108642478112","9.0194712305727","8.78697454461788","8.4876346602155","8.15879264543856","7.91795829360351","","",
"Ecuador","ECU","Empleos en agricultura (% del total de empleos)","SL.AGR.EMPL.ZS","","","","","","","","","","","","","","","","","","","","","","","","","","","","","","","","29.7299995422363","29.7900009155273","29.5499992370605","29.4200000762939","29.3400001525879","29.3700008392334","29.1100006103516","29.0799999237061","29.5400009155273","29.8299999237061","29.6499996185303","29.7099990844727","29.7999992370605","30.4400005340576","30.3500003814697","29.6200008392334","28.4899997711182","27.9599990844727","28.5400009155273","27.8799991607666","27.9099998474121","27.9799995422363","26.6499996185303","25.2800006866455","26.1900005340576","26.9400005340576","27.6900005340576","28.8299999237061","29.7399997711182","","",
"Egipto, República Árabe de","EGY","Empleos en agricultura (% del total de empleos)","SL.AGR.EMPL.ZS","","","","","","","","","","","","","","","","","","","","","","","","","","","","","","","","39.0200004577637","38.4599990844727","35.2900009155273","35.1800003051758","33.9900016784668","32.7200012207031","31.3799991607666","29.7999992370605","28.7000007629395","29.6299991607666","28.5400009155273","27.5200004577637","29.8700008392334","31.8299999237061","30.9400005340576","31.2299995422363","31.7600002288818","31.6900005340576","29.9599990844727","28.2800006866455","29.2399997711182","27.0699996948242","27.9599990844727","27.5499992370605","25.8199996948242","25.5699996948242","25.0499992370605","21.6599998474121","20.6200008392334","","",
"Zona del Euro","EMU","Empleos en agricultura (% del total de empleos)","SL.AGR.EMPL.ZS","","","","","","","","","","","","","","","","","","","","","","","","","","","","","","","","7.29004003579851","7.10427247929977","6.77868938063522","6.61429434087135","6.32402474292814","6.11355094809775","6.06273213763953","5.80704794314865","5.55022473219618","5.28640264656023","5.14589133492344","5.00812140970263","4.91935895887924","4.57167154462416","4.47395343541887","4.36370548426518","4.14508771310551","3.66296335515463","3.68683724630533","3.66180097215904","3.53394137258684","3.50827647327336","3.44087496991952","3.36974140912813","3.25719769215803","3.21610928382732","3.11562548246333","3.0236716949166","2.97026502251251","","",
"Eritrea","ERI","Empleos en agricultura (% del total de empleos)","SL.AGR.EMPL.ZS","","","","","","","","","","","","","","","","","","","","","","","","","","","","","","","","71.8199996948242","71.4000015258789","70.8899993896484","70.2699966430664","69.8399963378906","69.2300033569336","68.620002746582","68.25","68","67.9700012207031","67.5299987792969","67.4499969482422","67.7600021362305","67.8300018310547","67.7900009155273","67.8600006103516","67.7200012207031","68.0599975585938","67.6800003051758","67.3099975585938","66.5400009155273","66.0999984741211","66.3399963378906","64.9400024414063","65.4800033569336","64.6600036621094","64.8899993896484","63.7599983215332","63.1199989318848","","",
"España","ESP","Empleos en agricultura (% del total de empleos)","SL.AGR.EMPL.ZS","","","","","","","","","","","","","","","","","","","","","","","","","","","","","","","","10.2200002670288","9.96000003814697","9.77999973297119","9.48999977111816","8.98999977111816","8.35999965667725","8.03999996185303","7.69999980926514","7.21000003814697","6.69000005722046","6.55999994277954","6.01000022888184","5.71000003814697","5.48000001907349","5.30000019073486","4.80999994277954","4.51999998092651","4.05000019073486","4.13000011444092","4.19999980926514","4.09999990463257","4.21999979019165","4.30000019073486","4.23999977111816","4.11999988555908","4.21999979019165","4.34999990463257","4.19999980926514","4.03000020980835","","",
"Estonia","EST","Empleos en agricultura (% del total de empleos)","SL.AGR.EMPL.ZS","","","","","","","","","","","","","","","","","","","","","","","","","","","","","","","","19.25","18.0900001525879","16","14.1499996185303","10.1800003051758","9.72000026702881","9.6899995803833","9.30000019073486","8.57999992370605","6.3600001335144","6.34000015258789","6.59999990463257","6.23999977111816","5.05999994277954","5.19000005722046","5.05999994277954","4.78000020980835","3.90000009536743","4.05000019073486","4.21999979019165","4.40999984741211","4.48999977111816","4.26000022888184","3.85999989509583","3.90000009536743","3.89000010490417","3.52999997138977","3.28999996185303","3.17000007629395","","",
"Etiopía","ETH","Empleos en agricultura (% del total de empleos)","SL.AGR.EMPL.ZS","","","","","","","","","","","","","","","","","","","","","","","","","","","","","","","","76.8499984741211","77.0500030517578","76.8000030517578","76.7600021362305","76.6100006103516","76.2799987792969","76.2399978637695","76.4599990844727","76.3600006103516","76.6999969482422","76.9199981689453","77.4100036621094","78.0100021362305","77.9199981689453","78.120002746582","77.4300003051758","76.6500015258789","75.8300018310547","75.0400009155273","74.0400009155273","73.0400009155273","72.1100006103516","71.0299987792969","70.2099990844727","69.4000015258789","68.6399993896484","67.9000015258789","67.2900009155273","66.629997253418","","",
"Unión Europea","EUU","Empleos en agricultura (% del total de empleos)","SL.AGR.EMPL.ZS","","","","","","","","","","","","","","","","","","","","","","","","","","","","","","","","10.7058726501958","10.7256580997766","10.5906307541497","10.5430410494691","10.2540422780444","9.78604405444263","9.87731636499072","9.57540514545285","9.30946537066308","8.97864433400516","8.67195641512665","7.96265978471268","7.72354488607048","7.12529178111961","6.92368091699012","6.59356088958692","6.25100281806536","5.75585308737528","5.7531521276234","5.797128854248","5.58811206452669","5.56459095694805","5.42273752134532","5.27582147090565","5.05788655518247","4.79170596331233","4.67312770553722","4.49961342091224","4.35484607737128","","",
"Frágiles y situaciones de conflicto afectados","FCS","Empleos en agricultura (% del total de empleos)","SL.AGR.EMPL.ZS","","","","","","","","","","","","","","","","","","","","","","","","","","","","","","","","61.3357045429453","61.1624369770815","61.1051696188799","61.2160134931135","60.8540387353707","60.4862042180614","59.9452979794096","59.649764211554","59.5431051701178","59.3877371606596","58.9531054144107","58.5814500671631","58.180887188957","57.5191703409267","56.9090824784192","56.1604340050472","55.4848868074528","54.8214973131177","54.0706871277525","53.3632580132694","52.6723037313323","51.9993844895528","51.332835987773","50.7423859106672","50.1806463805858","49.954987828589","49.6430848481052","49.1454739508269","48.9711420086562","","",
"Finlandia","FIN","Empleos en agricultura (% del total de empleos)","SL.AGR.EMPL.ZS","","","","","","","","","","","","","","","","","","","","","","","","","","","","","","","","8.43000030517578","8.36999988555908","8.27999973297119","8.03999996185303","7.76000022888184","7.8899998664856","7.78000020980835","7.1100001335144","6.38000011444092","6.21000003814697","5.84000015258789","5.53000020980835","5.28000020980835","5.01000022888184","4.82999992370605","4.67000007629395","4.53999996185303","4.51999998092651","4.63000011444092","4.44000005722046","4.23000001907349","4.15999984741211","4.13000011444092","4.26000022888184","4.21999979019165","3.86999988555908","3.75999999046326","3.71000003814697","3.77999997138977","","",
"Fiji","FJI","Empleos en agricultura (% del total de empleos)","SL.AGR.EMPL.ZS","","","","","","","","","","","","","","","","","","","","","","","","","","","","","","","","34.4099998474121","34.0900001525879","33.8199996948242","33.5800018310547","33.1800003051758","32.7900009155273","32.4000015258789","32.0299987792969","31.7399997711182","31.0799999237061","30.2900009155273","29.8400001525879","29.3400001525879","28.75","28.25","27.5699996948242","27.0699996948242","26.1100006103516","25.3600006103516","24.4400005340576","23.7199993133545","22.9699993133545","22.0900001525879","20.8500003814697","19.8799991607666","19.0900001525879","18.4799995422363","17.9799995422363","17.6100006103516","","",
"Francia","FRA","Empleos en agricultura (% del total de empleos)","SL.AGR.EMPL.ZS","","","","","","","","","","","","","","","","","","","","","","","","","","","","","","","","6.03000020980835","5.73000001907349","5.46000003814697","5.19000005722046","4.8899998664856","4.82000017166138","4.6399998664856","4.40999984741211","4.23999977111816","4.1399998664856","4.07000017166138","4.13000011444092","4.25","3.86999988555908","3.64000010490417","3.73000001907349","3.45000004768372","2.74000000953674","2.9300000667572","2.91000008583069","2.91000008583069","2.92000007629395","3.07999992370605","2.84999990463257","2.71000003814697","2.85999989509583","2.60999989509583","2.5","2.52999997138977","","",
"Islas Feroe","FRO","Empleos en agricultura (% del total de empleos)","SL.AGR.EMPL.ZS","","","","","","","","","","","","","","","","","","","","","","","","","","","","","","","","","","","","","","","","","","","","","","","","","","","","","","","","","","","","","","",
"Micronesia (Estados Federados de)","FSM","Empleos en agricultura (% del total de empleos)","SL.AGR.EMPL.ZS","","","","","","","","","","","","","","","","","","","","","","","","","","","","","","","","","","","","","","","","","","","","","","","","","","","","","","","","","","","","","","",
"Gabón","GAB","Empleos en agricultura (% del total de empleos)","SL.AGR.EMPL.ZS","","","","","","","","","","","","","","","","","","","","","","","","","","","","","","","","44.2400016784668","44.0200004577637","43.5200004577637","42.9700012207031","42.3600006103516","41.7999992370605","41.1500015258789","40.5699996948242","40.4700012207031","40.1100006103516","39.5699996948242","39.1199989318848","38.5699996948242","38.0999984741211","37.5499992370605","37.2299995422363","36.560001373291","36.2900009155273","35.8699989318848","35.1800003051758","34.5099983215332","33.9099998474121","33.2999992370605","32.7200012207031","32.1399993896484","31.6000003814697","31.1100006103516","30.5900001525879","29.9599990844727","","",
"Reino Unido","GBR","Empleos en agricultura (% del total de empleos)","SL.AGR.EMPL.ZS","","","","","","","","","","","","","","","","","","","","","","","","","","","","","","","","2.16000008583069","2.10999989509583","2.04999995231628","2.07999992370605","2.04999995231628","1.95000004768372","1.85000002384186","1.72000002861023","1.54999995231628","1.53999996185303","1.38999998569489","1.38999998569489","1.25","1.27999997138977","1.37999999523163","1.35000002384186","1.37000000476837","1.08000004291534","1.11000001430511","1.22000002861023","1.22000002861023","1.19000005722046","1.05999994277954","1.25999999046326","1.13999998569489","1.12999999523163","1.1599999666214","1.07000005245209","1.04999995231628","","",
"Georgia","GEO","Empleos en agricultura (% del total de empleos)","SL.AGR.EMPL.ZS","","","","","","","","","","","","","","","","","","","","","","","","","","","","","","","","47.0400009155273","47.7299995422363","48.4500007629395","48.5900001525879","48.5400009155273","48.7200012207031","48.3199996948242","48.5499992370605","52.25","52.1699981689453","52.7900009155273","53.7700004577637","54.9000015258789","54","54.3400001525879","55.2999992370605","53.4300003051758","51.310001373291","49.3499984741211","48.0900001525879","48.6199989318848","47.1300010681152","47.3300018310547","46.060001373291","44.0499992370605","43.810001373291","43.1300010681152","38.9000015258789","38.1500015258789","","",
"Ghana","GHA","Empleos en agricultura (% del total de empleos)","SL.AGR.EMPL.ZS","","","","","","","","","","","","","","","","","","","","","","","","","","","","","","","","57.1199989318848","56.939998626709","56.6800003051758","56.4900016784668","56.2400016784668","55.9700012207031","55.6599998474121","55.2999992370605","54.9500007629395","55.0299987792969","55.0999984741211","55.1199989318848","55.0999984741211","55.0499992370605","54.9599990844727","54.9300003051758","53.939998626709","52.6300010681152","51.5099983215332","50.1100006103516","48.3600006103516","46.8499984741211","45.3800010681152","40.4099998474121","35.1800003051758","33.8899993896484","32.5699996948242","31.0499992370605","29.75","","",
"Gibraltar","GIB","Empleos en agricultura (% del total de empleos)","SL.AGR.EMPL.ZS","","","","","","","","","","","","","","","","","","","","","","","","","","","","","","","","","","","","","","","","","","","","","","","","","","","","","","","","","","","","","","",
"Guinea","GIN","Empleos en agricultura (% del total de empleos)","SL.AGR.EMPL.ZS","","","","","","","","","","","","","","","","","","","","","","","","","","","","","","","","73.4400024414063","73.3399963378906","73.1600036621094","73","72.7900009155273","72.5699996948242","72.2900009155273","72.0299987792969","71.6999969482422","71.4199981689453","70.9899978637695","70.4499969482422","70.0699996948242","69.6900024414063","69.2600021362305","68.9300003051758","68.2799987792969","67.7600021362305","67.5899963378906","67.0299987792969","66.379997253418","65.6999969482422","65.120002746582","64.5500030517578","63.9799995422363","62.9900016784668","62.0299987792969","61.3199996948242","60.6500015258789","","",
"Gambia","GMB","Empleos en agricultura (% del total de empleos)","SL.AGR.EMPL.ZS","","","","","","","","","","","","","","","","","","","","","","","","","","","","","","","","37.7000007629395","37.5699996948242","37.4300003051758","37.3499984741211","37.2200012207031","37.0299987792969","36.689998626709","36.3800010681152","35.8800010681152","35.3699989318848","34.7900009155273","34.7700004577637","34.1399993896484","33.4799995422363","33.3899993896484","33.189998626709","32.7599983215332","32.1399993896484","31.4899997711182","30.8899993896484","31.1100006103516","30.5400009155273","30.1100006103516","29.9200000762939","29.3899993896484","28.9899997711182","28.4099998474121","27.7099990844727","27.0300006866455","","",
"Guinea-Bissau","GNB","Empleos en agricultura (% del total de empleos)","SL.AGR.EMPL.ZS","","","","","","","","","","","","","","","","","","","","","","","","","","","","","","","","68.5999984741211","68.5400009155273","68.4300003051758","68.2699966430664","68.1100006103516","67.7699966430664","67.4499969482422","67.9899978637695","67.9199981689453","67.6800003051758","67.5100021362305","67.4700012207031","67.3199996948242","67.0500030517578","66.6900024414063","66.4100036621094","66.0800018310547","65.6900024414063","65.3199996948242","64.870002746582","64.2200012207031","64.0899963378906","63.6800003051758","63.4000015258789","62.8199996948242","62.1800003051758","61.5699996948242","61.060001373291","60.4799995422363","","",
"Guinea Ecuatorial","GNQ","Empleos en agricultura (% del total de empleos)","SL.AGR.EMPL.ZS","","","","","","","","","","","","","","","","","","","","","","","","","","","","","","","","54.7900009155273","54.1399993896484","53.6500015258789","52.9500007629395","52.1199989318848","50.7099990844727","49.2000007629395","48.1100006103516","46.9099998474121","45.6399993896484","44.0699996948242","42.7700004577637","41.5800018310547","40.3699989318848","39.4099998474121","38.7200012207031","37.8899993896484","37.2099990844727","37.0999984741211","37.189998626709","37.1100006103516","37.2099990844727","37.5200004577637","37.810001373291","38.3600006103516","38.8600006103516","39.189998626709","39.1500015258789","39.5099983215332","","",
"Grecia","GRC","Empleos en agricultura (% del total de empleos)","SL.AGR.EMPL.ZS","","","","","","","","","","","","","","","","","","","","","","","","","","","","","","","","21.9599990844727","21.5900001525879","21.2800006866455","20.8099994659424","20.4300003051758","20.2800006866455","19.8400001525879","17.8899993896484","17.4300003051758","17.3999996185303","15.8699998855591","15.2299995422363","15.0299997329712","12.3699998855591","12.1599998474121","11.7200002670288","11.3299999237061","11.1400003433228","11.6999998092651","12.3999996185303","12.3500003814697","13","13.6899995803833","13.5699996948242","12.8999996185303","12.3699998855591","12.0799999237061","12.2700004577637","11.6000003814697","","",
"Granada","GRD","Empleos en agricultura (% del total de empleos)","SL.AGR.EMPL.ZS","","","","","","","","","","","","","","","","","","","","","","","","","","","","","","","","","","","","","","","","","","","","","","","","","","","","","","","","","","","","","","",
"Groenlandia","GRL","Empleos en agricultura (% del total de empleos)","SL.AGR.EMPL.ZS","","","","","","","","","","","","","","","","","","","","","","","","","","","","","","","","","","","","","","","","","","","","","","","","","","","","","","","","","","","","","","",
"Guatemala","GTM","Empleos en agricultura (% del total de empleos)","SL.AGR.EMPL.ZS","","","","","","","","","","","","","","","","","","","","","","","","","","","","","","","","39.5800018310547","39.3699989318848","39.1300010681152","38.8499984741211","38.5800018310547","38.4799995422363","38.0499992370605","37.560001373291","38.6599998474121","39.7700004577637","37.189998626709","35.4900016784668","33.5200004577637","36.1599998474121","34.7599983215332","33.2299995422363","33.0299987792969","33.0400009155273","33.4599990844727","33.5","32.9099998474121","32.2599983215332","30.8799991607666","31.5300006866455","31.8799991607666","29.3799991607666","31.7800006866455","31.7399997711182","31.2999992370605","","",
"Guam","GUM","Empleos en agricultura (% del total de empleos)","SL.AGR.EMPL.ZS","","","","","","","","","","","","","","","","","","","","","","","","","","","","","","","","0.649999976158142","0.639999985694885","0.629999995231628","0.620000004768372","0.600000023841858","0.589999973773956","0.569999992847443","0.550000011920929","0.540000021457672","0.519999980926514","0.490000009536743","0.469999998807907","0.439999997615814","0.419999986886978","0.400000005960464","0.379999995231628","0.370000004768372","0.349999994039536","0.330000013113022","0.319999992847443","0.310000002384186","0.28999999165535","0.280000001192093","0.270000010728836","0.259999990463257","0.259999990463257","0.25","0.239999994635582","0.230000004172325","","",
"Guyana","GUY","Empleos en agricultura (% del total de empleos)","SL.AGR.EMPL.ZS","","","","","","","","","","","","","","","","","","","","","","","","","","","","","","","","32.4500007629395","31.75","31.5799999237061","30.8299999237061","30.1000003814697","29.2700004577637","28.2900009155273","27.3700008392334","25.7600002288818","24.6599998474121","23.3799991607666","22.1800003051758","21.7299995422363","21.4200000762939","21.6399993896484","21.9799995422363","21.2900009155273","20.7999992370605","20.3799991607666","20.0499992370605","19.4099998474121","18.9300003051758","18.0400009155273","17.4300003051758","16.9200000762939","16.6800003051758","16.25","15.8900003433228","15.4399995803833","","",
"Ingreso alto","HIC","Empleos en agricultura (% del total de empleos)","SL.AGR.EMPL.ZS","","","","","","","","","","","","","","","","","","","","","","","","","","","","","","","","7.02777433366366","6.94298985815709","6.74548894647131","6.59494291350422","6.39393048106342","6.12913572107909","6.06473791558348","5.95473530296972","5.78763213633836","5.58804208627783","5.39160149439678","5.05691889705095","4.89707719659524","4.60574334295575","4.47507711683711","4.31245317959703","4.13017958939326","3.93327265547656","3.9260894805314","3.91733453563016","3.80013045792629","3.72710010563369","3.64892985982461","3.55823500159649","3.4756755111965","3.32782685600569","3.23512759871548","3.13517673143144","3.05998569975774","","",
"Hong Kong, Región Administrativa Especial","HKG","Empleos en agricultura (% del total de empleos)","SL.AGR.EMPL.ZS","","","","","","","","","","","","","","","","","","","","","","","","","","","","","","","","0.810000002384186","0.689999997615814","0.639999985694885","0.620000004768372","0.569999992847443","0.400000005960464","0.330000013113022","0.300000011920929","0.300000011920929","0.28999999165535","0.219999998807907","0.280000001192093","0.219999998807907","0.259999990463257","0.259999990463257","0.239999994635582","0.180000007152557","0.239999994635582","0.239999994635582","0.230000004172325","0.219999998807907","0.209999993443489","0.209999993443489","0.200000002980232","0.189999997615814","0.189999997615814","0.180000007152557","0.170000001788139","0.170000001788139","","",
"Honduras","HND","Empleos en agricultura (% del total de empleos)","SL.AGR.EMPL.ZS","","","","","","","","","","","","","","","","","","","","","","","","","","","","","","","","38.0499992370605","38.2299995422363","37.4599990844727","37.2099990844727","37.25","38.2900009155273","37","34.5900001525879","35.0699996948242","35.939998626709","36.939998626709","38.8300018310547","37.3600006103516","34.9300003051758","33.1100006103516","35.6199989318848","33.9900016784668","34.2700004577637","35.5","36.4500007629395","35.2999992370605","37.0099983215332","34.5200004577637","28.8299999237061","28.7199993133545","27.3500003814697","31.9899997711182","30.6700000762939","29.4899997711182","","",
"Países pobres muy endeudados (PPME)","HPC","Empleos en agricultura (% del total de empleos)","SL.AGR.EMPL.ZS","","","","","","","","","","","","","","","","","","","","","","","","","","","","","","","","70.8471073640263","70.8598446899701","70.7749940067932","70.6999850344457","70.5168081463943","70.2964203287765","70.1096967152157","69.9150800260471","69.7289245796343","69.6859943811718","69.6063979548529","69.2444811491645","68.7230107410845","68.2921138856936","67.9005937181923","67.1974047528711","66.4429283489193","65.6164080475039","64.8160377331356","63.947784860323","63.0246560370105","62.0166604721928","61.3534869612847","60.2675604931065","59.3518062935217","58.8484650593867","58.2899276584256","57.7178999994955","57.2083203756744","","",
"Croacia","HRV","Empleos en agricultura (% del total de empleos)","SL.AGR.EMPL.ZS","","","","","","","","","","","","","","","","","","","","","","","","","","","","","","","","22.3600006103516","22.5799999237061","22.4799995422363","21.25","20.5499992370605","19.8899993896484","17.7700004577637","17.2099990844727","16.8500003814697","16.5200004577637","16.0100002288818","15.5500001907349","16.8700008392334","16.9699993133545","17.2999992370605","14.25","12.3500003814697","12.8199996948242","13.3199996948242","14.25","14.5900001525879","12.25","10.789999961853","9.52000045776367","9.22999954223633","7.59999990463257","6.98000001907349","6.23999977111816","6.19000005722046","","",
"Haití","HTI","Empleos en agricultura (% del total de empleos)","SL.AGR.EMPL.ZS","","","","","","","","","","","","","","","","","","","","","","","","","","","","","","","","40.1800003051758","40.3600006103516","40.25","40.5299987792969","39.7299995422363","38.9599990844727","38.7099990844727","38.25","38.060001373291","37.75","37.4199981689453","36.9599990844727","36.4700012207031","36.2799987792969","35.7200012207031","35.3199996948242","34.8499984741211","34.439998626709","33.9599990844727","34.0200004577637","33.0400009155273","32.060001373291","31.4799995422363","30.8899993896484","30.4099998474121","30.0499992370605","29.7000007629395","29.2199993133545","29.0300006866455","","",
"Hungría","HUN","Empleos en agricultura (% del total de empleos)","SL.AGR.EMPL.ZS","","","","","","","","","","","","","","","","","","","","","","","","","","","","","","","","11.5799999237061","11.2600002288818","9.13000011444092","8.75","8.09000015258789","8.22000026702881","7.80999994277954","7.34000015258789","6.94999980926514","6.46000003814697","6.19000005722046","6.11999988555908","5.38000011444092","5.26000022888184","4.86999988555908","4.76000022888184","4.59000015258789","4.32000017166138","4.6100001335144","4.53999996185303","4.8899998664856","5.05999994277954","4.78000020980835","4.67999982833862","4.90000009536743","5.03999996185303","5.03999996185303","4.84999990463257","4.71999979019165","","",
"Sólo BIRF","IBD","Empleos en agricultura (% del total de empleos)","SL.AGR.EMPL.ZS","","","","","","","","","","","","","","","","","","","","","","","","","","","","","","","","50.522209754613","49.9830422530365","48.7911351151338","47.6573862897967","46.382376886874","45.4257949614318","44.8652658297923","44.7902946590217","44.849719348315","44.6290116893362","44.1962745755116","43.9370950505715","43.3106821069067","41.8320477158456","40.6341705719854","39.1270528457493","37.8200356187067","36.996283001886","36.0441053604123","35.0557801046072","33.6593902632577","32.4543168401824","31.2973235118449","30.038813920037","29.2875139288536","28.552912096546","27.9200225091784","27.195350518019","26.5659428177929","","",
"BIRF y la AIF","IBT","Empleos en agricultura (% del total de empleos)","SL.AGR.EMPL.ZS","","","","","","","","","","","","","","","","","","","","","","","","","","","","","","","","52.7571405731024","52.2973484808537","51.312995914548","50.3745207598646","49.288873905174","48.4419963652163","47.9646670274018","47.8975169848164","47.9311288819069","47.7518071100542","47.3322388147548","47.031046567643","46.4092972758037","45.1004827711297","44.0366100463951","42.6819173657845","41.5554067459424","40.8547321011574","40.0046502838864","39.1377968169847","37.9381062780695","36.8559175803875","35.8617290752739","34.772653764677","34.0749899411831","33.4918338364319","32.8790326774768","32.1841209874202","31.6381160263426","","",
"total de la AIF","IDA","Empleos en agricultura (% del total de empleos)","SL.AGR.EMPL.ZS","","","","","","","","","","","","","","","","","","","","","","","","","","","","","","","","63.9442879011465","63.7732506859155","63.661296090242","63.5018230150883","63.122841548804","62.622036450956","62.3321060966114","62.1046021739796","61.8481683846255","61.7167538630701","61.1547481810299","60.4825521484144","59.7355227208507","59.0419562404503","58.3957800076383","57.5024997184327","56.9655744432857","56.5375566015706","55.7776776075501","55.1028203380449","54.4657605113436","53.7060807790661","53.1392392151568","52.4143567987101","51.5879643639052","51.2812185902642","50.3877056226991","49.4828649819125","48.9378042494291","","",
"mezcla de la AIF","IDB","Empleos en agricultura (% del total de empleos)","SL.AGR.EMPL.ZS","","","","","","","","","","","","","","","","","","","","","","","","","","","","","","","","49.0543438596959","48.8828288808159","48.879964714594","48.8163791359149","48.685212092913","48.4585551955113","48.3170124589936","48.1280446176382","47.9172536995532","47.9070601431278","47.7505166220724","47.4916443542978","47.233262782447","47.1982867309565","47.2467295309329","46.9811500844871","46.6303883169468","46.5659516161125","45.5086451024553","44.9168533424544","44.5466658399252","43.8413331823068","43.1955198562121","42.8463667337091","42.0573204056173","42.3056451359844","41.1086883050057","39.8391585898412","39.2587217952804","","",
"Indonesia","IDN","Empleos en agricultura (% del total de empleos)","SL.AGR.EMPL.ZS","","","","","","","","","","","","","","","","","","","","","","","","","","","","","","","","55.5099983215332","55.2000007629395","52.1100006103516","47.7900009155273","43.9799995422363","43.4199981689453","43.0900001525879","44.9099998474121","45.2200012207031","45.2799987792969","43.7700004577637","44.3400001525879","46.3800010681152","43.3300018310547","44","42.060001373291","41.2599983215332","41.0999984741211","40.4500007629395","39.1300010681152","37.189998626709","35.9300003051758","34.9799995422363","34.2799987792969","33.0400009155273","31.8199996948242","30.7900009155273","29.6299991607666","28.5","","",
"Sólo AIF","IDX","Empleos en agricultura (% del total de empleos)","SL.AGR.EMPL.ZS","","","","","","","","","","","","","","","","","","","","","","","","","","","","","","","","70.5532031530495","70.3897071225634","70.2007044350655","69.9870238455335","69.4568309520265","68.8654437960462","68.5537148919509","68.300073454254","68.0448362440543","67.8948342763452","67.1600154466454","66.321817937254","65.3752871634989","64.3959983751511","63.4293275237834","62.2543891348884","61.6657040249373","61.0835834542847","60.4840933588126","59.7859083347003","59.0379385955785","58.2050155540757","57.6123786258967","56.7183303562073","55.8839120300192","55.27628163607","54.4549913943987","53.6789448514937","53.1521530342536","","",
"Isla de Man","IMN","Empleos en agricultura (% del total de empleos)","SL.AGR.EMPL.ZS","","","","","","","","","","","","","","","","","","","","","","","","","","","","","","","","","","","","","","","","","","","","","","","","","","","","","","","","","","","","","","",
"India","IND","Empleos en agricultura (% del total de empleos)","SL.AGR.EMPL.ZS","","","","","","","","","","","","","","","","","","","","","","","","","","","","","","","","63.3199996948242","62.9900016784668","62.6599998474121","62.1800003051758","61.7599983215332","61.3499984741211","61.1199989318848","60.7200012207031","60.0900001525879","59.6500015258789","59.0999984741211","58.5999984741211","57.7599983215332","56.7799987792969","56","55.0800018310547","54.1100006103516","53.5099983215332","52.5","51.5200004577637","49.2599983215332","47","46.5","45.8899993896484","45.2599983215332","44.560001373291","43.9300003051758","43.3300018310547","42.5999984741211","","",
"No clasificado","INX","Empleos en agricultura (% del total de empleos)","SL.AGR.EMPL.ZS","","","","","","","","","","","","","","","","","","","","","","","","","","","","","","","","","","","","","","","","","","","","","","","","","","","","","","","","","","","","","","",
"Irlanda","IRL","Empleos en agricultura (% del total de empleos)","SL.AGR.EMPL.ZS","","","","","","","","","","","","","","","","","","","","","","","","","","","","","","","","13.8500003814697","13.5100002288818","13.1300001144409","12.5799999237061","12.0100002288818","11.2399997711182","10.9099998474121","9.10000038146973","8.64000034332275","7.94999980926514","7.1100001335144","7.03000020980835","6.5","6.38000011444092","5.90999984741211","5.71000003814697","5.44000005722046","5.28999996185303","5.59000015258789","5.75","5.73000001907349","5.78999996185303","5.78000020980835","5.44000005722046","5.34000015258789","5.28999996185303","5.05000019073486","4.76999998092651","4.42999982833862","","",
"Irán, República Islámica del","IRN","Empleos en agricultura (% del total de empleos)","SL.AGR.EMPL.ZS","","","","","","","","","","","","","","","","","","","","","","","","","","","","","","","","24.9599990844727","24.7099990844727","24.5400009155273","24.2900009155273","23.9899997711182","23.5100002288818","23.8500003814697","24.1200008392334","24.2900009155273","24.3999996185303","24.4699993133545","24.5","24.5300006866455","24.6499996185303","24.75","23.1800003051758","22.8099994659424","21.2099990844727","20.8600006103516","19.2199993133545","18.8099994659424","18.4899997711182","18.2399997711182","17.8899993896484","18.0300006866455","17.9799995422363","17.5799999237061","17.6900005340576","17.3700008392334","","",
"Iraq","IRQ","Empleos en agricultura (% del total de empleos)","SL.AGR.EMPL.ZS","","","","","","","","","","","","","","","","","","","","","","","","","","","","","","","","31.5400009155273","31.4200000762939","31.25","31.0599994659424","30.8299999237061","30.5200004577637","30.1100006103516","29.6299991607666","29.1499996185303","28.7099990844727","28.1900005340576","27.75","27.3400001525879","26.7600002288818","26.1399993896484","25.5300006866455","24.9400005340576","24.3199996948242","23.7600002288818","23.0799999237061","22.5699996948242","21.8899993896484","21.3099994659424","20.8199996948242","20.3899993896484","19.7600002288818","19.2900009155273","18.8199996948242","18.2700004577637","","",
"Islandia","ISL","Empleos en agricultura (% del total de empleos)","SL.AGR.EMPL.ZS","","","","","","","","","","","","","","","","","","","","","","","","","","","","","","","","10.1700000762939","10.4499998092651","9.76000022888184","9.0600004196167","9.56999969482422","9.97999954223633","9.09000015258789","8.64999961853027","8.92000007629395","8.71000003814697","7.71000003814697","7.36999988555908","6.98000001907349","6.32000017166138","6.53000020980835","6.30999994277954","5.92000007629395","4.59999990463257","4.82999992370605","5.59000015258789","5.48999977111816","5.55000019073486","4.44999980926514","4.53999996185303","4.23999977111816","3.90000009536743","3.75999999046326","4.03000020980835","4.03999996185303","","",
"Israel","ISR","Empleos en agricultura (% del total de empleos)","SL.AGR.EMPL.ZS","","","","","","","","","","","","","","","","","","","","","","","","","","","","","","","","3.5","3.50999999046326","4.17000007629395","3.30999994277954","3.13000011444092","2.96000003814697","2.79999995231628","2.64000010490417","2.49000000953674","2.34999990463257","2.21000003814697","2.07999992370605","1.96000003814697","1.85000002384186","1.74000000953674","1.62999999523163","1.52999997138977","1.44000005722046","1.35000002384186","1.25999999046326","1.17999994754791","1.11000001430511","1.24000000953674","1.11000001430511","1.01999998092651","1.01999998092651","1","0.959999978542328","0.920000016689301","","",
"Italia","ITA","Empleos en agricultura (% del total de empleos)","SL.AGR.EMPL.ZS","","","","","","","","","","","","","","","","","","","","","","","","","","","","","","","","8.3100004196167","8.01000022888184","7.09000015258789","6.90000009536743","6.57999992370605","6.13000011444092","5.88000011444092","5.76999998092651","5.42000007629395","5.23000001907349","5.21000003814697","4.92999982833862","4.71999979019165","4.1399998664856","4.19999980926514","4.26999998092651","3.97000002861023","3.70000004768372","3.69000005722046","3.76999998092651","3.6800000667572","3.69000005722046","3.59999990463257","3.64000010490417","3.75","3.88000011444092","3.77999997138977","3.75999999046326","3.89000010490417","","",
"Jamaica","JAM","Empleos en agricultura (% del total de empleos)","SL.AGR.EMPL.ZS","","","","","","","","","","","","","","","","","","","","","","","","","","","","","","","","27.9099998474121","27.4699993133545","24.6299991607666","23.9500007629395","23.2000007629395","22.6599998474121","21.25","21","20.6000003814697","20.8600006103516","20.7700004577637","20.1299991607666","20.3899993896484","18.4899997711182","18.1100006103516","18.2800006866455","18.3999996185303","18.1499996185303","18.0200004577637","17.8199996948242","17.5900001525879","18.2399997711182","18.25","18.4200000762939","17.75","16.6299991607666","16.7800006866455","16.2299995422363","15.2200002670288","","",
"Jordania","JOR","Empleos en agricultura (% del total de empleos)","SL.AGR.EMPL.ZS","","","","","","","","","","","","","","","","","","","","","","","","","","","","","","","","4.84999990463257","4.80999994277954","4.76999998092651","4.71000003814697","4.65000009536743","4.57999992370605","4.5","4.40999984741211","4.30000019073486","4.19000005722046","4.05999994277954","3.9300000667572","4.03000020980835","4.1100001335144","3.98000001907349","3.84999990463257","3.72000002861023","3.59999990463257","3.48000001907349","3.38000011444092","3.27999997138977","3.1800000667572","3.07999992370605","2.98000001907349","2.88000011444092","2.77999997138977","2.6800000667572","2.57999992370605","2.47000002861023","","",
"Japón","JPN","Empleos en agricultura (% del total de empleos)","SL.AGR.EMPL.ZS","","","","","","","","","","","","","","","","","","","","","","","","","","","","","","","","6.73000001907349","6.42000007629395","5.96999979019165","5.80999994277954","5.69999980926514","5.51999998092651","5.36999988555908","5.30000019073486","5.21000003814697","5.09000015258789","4.90999984741211","4.71999979019165","4.6399998664856","4.55999994277954","4.46000003814697","4.3899998664856","4.30999994277954","4.25","4.21000003814697","4.07000017166138","3.97000002861023","3.86999988555908","3.75","3.69000005722046","3.63000011444092","3.5","3.44000005722046","3.49000000953674","3.38000011444092","","",
"Kazajstán","KAZ","Empleos en agricultura (% del total de empleos)","SL.AGR.EMPL.ZS","","","","","","","","","","","","","","","","","","","","","","","","","","","","","","","","36.9000015258789","36.9099998474121","37.2599983215332","37.6199989318848","37.6199989318848","37.5800018310547","37.4500007629395","37.4500007629395","37.1500015258789","36.439998626709","35.5200004577637","35.4799995422363","35.25","33.5","32.4099998474121","31.5400009155273","31.2199993133545","30.1599998474121","29.0200004577637","28.2800006866455","26.4500007629395","25.5400009155273","24.1900005340576","20.9699993133545","18.0100002288818","17.2600002288818","16.5599994659424","15.7700004577637","14.8599996566772","","",
"Kenya","KEN","Empleos en agricultura (% del total de empleos)","SL.AGR.EMPL.ZS","","","","","","","","","","","","","","","","","","","","","","","","","","","","","","","","44.4799995422363","44.5099983215332","44.5299987792969","44.4599990844727","44.4000015258789","44.4500007629395","44.7999992370605","45.0699996948242","45.6599998474121","48.7299995422363","51.5","54.2799987792969","56.7599983215332","58.9300003051758","61.060001373291","61.1399993896484","60.9700012207031","61.1100006103516","60.939998626709","60.3199996948242","59.7400016784668","59.2200012207031","58.5900001525879","57.939998626709","57.2599983215332","56.5299987792969","55.8600006103516","55.0800018310547","54.3400001525879","","",
"Kirguistán","KGZ","Empleos en agricultura (% del total de empleos)","SL.AGR.EMPL.ZS","","","","","","","","","","","","","","","","","","","","","","","","","","","","","","","","35.5","38.1599998474121","38.9799995422363","41.9799995422363","47.189998626709","47.1500015258789","48.2900009155273","49","52.3899993896484","53.0800018310547","52.9199981689453","49.1100006103516","43.2400016784668","38.9099998474121","38.5","36.2700004577637","34.4900016784668","34.0200004577637","33.0099983215332","32.2400016784668","31.1100006103516","30.0900001525879","31.6700000762939","31.5900001525879","29.3099994659424","26.7900009155273","23.0300006866455","20.4300003051758","19.3199996948242","","",
"Camboya","KHM","Empleos en agricultura (% del total de empleos)","SL.AGR.EMPL.ZS","","","","","","","","","","","","","","","","","","","","","","","","","","","","","","","","78.129997253418","77.7600021362305","77.6900024414063","78.8300018310547","78.370002746582","77.75","77.3000030517578","76.75","75.379997253418","73.4800033569336","68.9300003051758","67.25","65.9899978637695","63.8699989318848","62.0299987792969","60.0800018310547","58.1300010681152","58.1100006103516","58.0400009155273","57.310001373291","56.5499992370605","53.2099990844727","49.5200004577637","46","42.4700012207031","37.5400009155273","38.2099990844727","36.3800010681152","34.5299987792969","","",
"Kiribati","KIR","Empleos en agricultura (% del total de empleos)","SL.AGR.EMPL.ZS","","","","","","","","","","","","","","","","","","","","","","","","","","","","","","","","","","","","","","","","","","","","","","","","","","","","","","","","","","","","","","",
"Saint Kitts y Nevis","KNA","Empleos en agricultura (% del total de empleos)","SL.AGR.EMPL.ZS","","","","","","","","","","","","","","","","","","","","","","","","","","","","","","","","","","","","","","","","","","","","","","","","","","","","","","","","","","","","","","",
"Corea, República de","KOR","Empleos en agricultura (% del total de empleos)","SL.AGR.EMPL.ZS","","","","","","","","","","","","","","","","","","","","","","","","","","","","","","","","14.6099996566772","14.0299997329712","13.4799995422363","12.5600004196167","11.7700004577637","11.1400003433228","10.7700004577637","12.0200004577637","11.3400001525879","10.6000003814697","9.96000003814697","9.32999992370605","8.8100004196167","8.39999961853027","7.96000003814697","7.65000009536743","7.30000019073486","7.1399998664856","7.01000022888184","6.59999990463257","6.36999988555908","6.13000011444092","6.76000022888184","5.57999992370605","5.23000001907349","4.94000005722046","4.92000007629395","5","5.1399998664856","","",
"Kuwait","KWT","Empleos en agricultura (% del total de empleos)","SL.AGR.EMPL.ZS","","","","","","","","","","","","","","","","","","","","","","","","","","","","","","","","2.32999992370605","2.26999998092651","2.19000005722046","2.13000011444092","2.0699999332428","2.11999988555908","2.19000005722046","2.26999998092651","2.33999991416931","2.40000009536743","2.47000002861023","2.52999997138977","2.58999991416931","2.64000010490417","2.71000003814697","2.65000009536743","2.58999991416931","2.50999999046326","2.48000001907349","2.42000007629395","2.35999989509583","2.28999996185303","2.22000002861023","2.15000009536743","2.07999992370605","2.00999999046326","1.92999994754791","1.86000001430511","1.77999997138977","","",
"América Latina y el Caribe (excluido altos ingresos)","LAC","Empleos en agricultura (% del total de empleos)","SL.AGR.EMPL.ZS","","","","","","","","","","","","","","","","","","","","","","","","","","","","","","","","21.8531891542745","21.8463183518494","21.6391445280773","21.2912898040644","21.1604487805275","20.6586889298822","20.3669585148632","19.9197714646791","19.9778276840444","19.6385698488966","19.7225314957993","19.5856167989958","19.277515630729","19.1767719766145","18.7946169852277","18.0043453326573","17.065850995795","16.5112510476643","16.4177910381742","16.0602792761621","15.6902705789887","15.3555159387868","15.0179231555617","14.7007089481097","14.4831088537162","14.469148031127","14.4529375340347","14.3615644337189","14.0250309092923","","",
"República Democrática Popular Lao","LAO","Empleos en agricultura (% del total de empleos)","SL.AGR.EMPL.ZS","","","","","","","","","","","","","","","","","","","","","","","","","","","","","","","","86.8199996948242","86.6500015258789","86.3399963378906","85.9599990844727","85.4100036621094","84.6699981689453","84.0999984741211","83.2799987792969","82.620002746582","81.870002746582","81.0500030517578","80.3000030517578","79.370002746582","78.3000030517578","77.2099990844727","76.4800033569336","75.0599975585938","73.7900009155273","72.6600036621094","71.4599990844727","70.3099975585938","69.0400009155273","67.7699966430664","66.6999969482422","65.5800018310547","64.7099990844727","63.5800018310547","62.3699989318848","61.439998626709","","",
"Líbano","LBN","Empleos en agricultura (% del total de empleos)","SL.AGR.EMPL.ZS","","","","","","","","","","","","","","","","","","","","","","","","","","","","","","","","21.0300006866455","20.8099994659424","20.6200008392334","20.4400005340576","20.2199993133545","20.0100002288818","19.7700004577637","19.4300003051758","19.1299991607666","18.7800006866455","18.3999996185303","18.0499992370605","17.6900005340576","17.2700004577637","16.8600006103516","16.4200000762939","15.8699998855591","15.3400001525879","14.8199996948242","14.4499998092651","14.0900001525879","13.7600002288818","13.4099998474121","13.1099996566772","12.8100004196167","12.4499998092651","12.0799999237061","11.6899995803833","11.3199996948242","","",
"Liberia","LBR","Empleos en agricultura (% del total de empleos)","SL.AGR.EMPL.ZS","","","","","","","","","","","","","","","","","","","","","","","","","","","","","","","","54.8199996948242","55.5","56.2200012207031","56.8199996948242","57.1300010681152","56.7799987792969","55.1699981689453","54.2200012207031","53.2700004577637","51.9500007629395","51.4300003051758","50.810001373291","51.9099998474121","51.3400001525879","50.6800003051758","49.9099998474121","49.1100006103516","48.4799995422363","47.9599990844727","47.310001373291","46.439998626709","45.560001373291","44.5999984741211","44.2200012207031","43.9099998474121","43.7400016784668","43.2200012207031","42.7799987792969","42.6199989318848","","",
"Libia","LBY","Empleos en agricultura (% del total de empleos)","SL.AGR.EMPL.ZS","","","","","","","","","","","","","","","","","","","","","","","","","","","","","","","","29.2299995422363","29.0900001525879","28.8899993896484","28.6800003051758","28.5300006866455","28.2000007629395","27.8999996185303","27.5499992370605","27.0599994659424","26.5400009155273","26.0499992370605","25.5200004577637","24.8899993896484","24.3199996948242","23.6399993896484","23.0300006866455","22.4099998474121","21.7600002288818","21.0699996948242","20.5599994659424","20.4400005340576","20.0200004577637","19.6299991607666","19.2199993133545","18.75","18.2299995422363","17.5799999237061","16.9599990844727","16.4099998474121","","",
"Santa Lucía","LCA","Empleos en agricultura (% del total de empleos)","SL.AGR.EMPL.ZS","","","","","","","","","","","","","","","","","","","","","","","","","","","","","","","","24.4799995422363","24.1900005340576","23.9599990844727","27.4200000762939","24.3999996185303","25.2099990844727","20.4899997711182","23.1399993896484","21.7099990844727","21.0699996948242","20.6700000762939","20.3600006103516","19.7999992370605","19","17.7800006866455","17.0100002288818","16.5300006866455","15.8400001525879","15.3500003814697","14.7600002288818","13.9700002670288","13.3199996948242","12.7700004577637","12.0500001907349","11.4700002670288","10.8400001525879","10.3500003814697","11.3500003814697","9.97000026702881","","",
"América Latina y el Caribe","LCN","Empleos en agricultura (% del total de empleos)","SL.AGR.EMPL.ZS","","","","","","","","","","","","","","","","","","","","","","","","","","","","","","","","21.1529897097547","21.0566568502393","20.7889370328463","20.5796976727232","20.4207555726461","19.9527918190159","19.5318809778938","19.0787100721162","19.1582896353359","18.8628257557259","18.8862214676107","18.7928303987931","18.5599968434029","18.427517883647","18.0444901939464","17.2675365729607","16.3618550268545","15.8491521114583","15.7522053538748","15.4107277796109","15.032051874734","14.7025063237661","14.3718327876015","14.0771235276427","13.8754315238237","13.8746914571472","13.867694510656","13.805778521636","13.5339699979129","","",
"Países menos desarrollados: clasificación de las Naciones Unidas","LDC","Empleos en agricultura (% del total de empleos)","SL.AGR.EMPL.ZS","","","","","","","","","","","","","","","","","","","","","","","","","","","","","","","","72.3636914795899","72.1382079479246","71.9127339946144","71.6669585328331","71.0599235105991","70.411127513997","70.0925897377046","69.8521157406225","69.5659763176238","69.2722931290418","68.4693588404543","67.5877810871942","66.6563175518244","65.6960456459788","64.7849607206471","63.620845551137","63.1268553737123","62.6419642955337","62.1259978404538","61.5210056182018","60.8563854325825","59.9945166909312","59.4178515160909","58.6645248938855","57.952106766256","57.3790840544069","56.5245014715542","55.7738793483267","55.2687450852468","","",
"Países de ingreso bajo","LIC","Empleos en agricultura (% del total de empleos)","SL.AGR.EMPL.ZS","","","","","","","","","","","","","","","","","","","","","","","","","","","","","","","","70.374637728449","70.4868972744623","70.5116815641302","70.4720688973475","70.3067062622726","70.1012080799705","70.0010672914311","69.8706988661738","69.6347398072001","69.7742193481381","69.5714482471233","69.291003715075","69.0277592632688","68.730732656033","68.4413738266977","67.792757776843","67.1170055989213","66.3950730747979","65.5828823728603","64.7115037218421","63.901573957343","63.0294188711882","62.6261488224356","61.9359550364747","61.3199958231487","60.9229617270233","60.4332867297476","59.9867301715551","59.4937530241432","","",
"Liechtenstein","LIE","Empleos en agricultura (% del total de empleos)","SL.AGR.EMPL.ZS","","","","","","","","","","","","","","","","","","","","","","","","","","","","","","","","","","","","","","","","","","","","","","","","","","","","","","","","","","","","","","",
"Sri Lanka","LKA","Empleos en agricultura (% del total de empleos)","SL.AGR.EMPL.ZS","","","","","","","","","","","","","","","","","","","","","","","","","","","","","","","","42.8400001525879","45.0099983215332","40.6500015258789","43.9199981689453","39.5699996948242","36.4799995422363","38.7099990844727","42.6599998474121","41.9500007629395","41.0200004577637","40.7599983215332","40","39.1500015258789","38.2799987792969","37.3300018310547","36.2200012207031","35.2599983215332","34.3300018310547","33.4900016784668","31.8199996948242","31.4200000762939","30.9899997711182","30.2199993133545","28.8700008392334","28.6599998474121","27.1000003814697","26.0699996948242","25.5","24.9799995422363","","",
"Países de ingreso mediano bajo","LMC","Empleos en agricultura (% del total de empleos)","SL.AGR.EMPL.ZS","","","","","","","","","","","","","","","","","","","","","","","","","","","","","","","","57.5654061892446","57.3066543511258","56.695764768173","55.952272447293","55.1618633300124","54.6642171272676","54.2871176507077","54.1745753587031","53.8632506805131","53.566862004928","52.9124652126059","52.4113128243811","51.8052782213106","50.7142268449319","50.0416503114383","48.9109880330606","48.0763640386788","47.6096265960805","46.777544784144","45.9730358994137","44.6836395579234","43.2301984182187","42.608046829273","41.9141568759439","41.0360008595004","40.3130471144249","39.4334030015931","38.4653337505222","37.6742224460123","","",
"Ingreso mediano y bajo","LMY","Empleos en agricultura (% del total de empleos)","SL.AGR.EMPL.ZS","","","","","","","","","","","","","","","","","","","","","","","","","","","","","","","","53.3734340746725","52.9031833676173","51.8997028257632","50.9181818143685","49.8207961058378","48.9784811607132","48.5115839291543","48.4513130160479","48.4535814215359","48.2547111458722","47.8256557224075","47.5259551139832","46.8888113686699","45.5935377387891","44.5271199598501","43.1910231211803","42.0760864228778","41.3819875097968","40.5227499210566","39.6375328898899","38.4350736173077","37.3412405946255","36.3405010608377","35.2455829934393","34.5448644538869","33.9615751473439","33.3412473851668","32.6359673255124","32.0713746537947","","",
"Lesotho","LSO","Empleos en agricultura (% del total de empleos)","SL.AGR.EMPL.ZS","","","","","","","","","","","","","","","","","","","","","","","","","","","","","","","","61.2599983215332","61.0200004577637","60.8300018310547","60.5699996948242","60.3400001525879","60","59.6599998474121","59.3600006103516","59.0699996948242","58.4700012207031","57.6599998474121","56.9900016784668","56.2099990844727","55.4900016784668","54.7599983215332","53.8699989318848","53.0400009155273","52.0699996948242","51.4199981689453","50.8499984741211","49.9599990844727","49.0200004577637","48.2099990844727","47.4599990844727","46.689998626709","45.8400001525879","45.4300003051758","44.9099998474121","44.2999992370605","","",
"avanzada del dividendo demográfico","LTE","Empleos en agricultura (% del total de empleos)","SL.AGR.EMPL.ZS","","","","","","","","","","","","","","","","","","","","","","","","","","","","","","","","50.64712088096","49.9919210210296","48.4554026663243","47.1526763332612","45.4811528111984","44.1801944895238","43.5828364886384","43.5380199059677","43.8168689071492","43.6315188401856","43.2051392990045","42.8548397528266","41.980200876464","40.2111187590502","38.5027700812229","36.6986727454137","35.1136366661278","34.0551452434129","32.900461967217","31.8328858067327","30.5304474598641","29.6271221457331","28.0195112675998","26.3086001337019","25.5036894276129","24.7203606312862","24.028073019721","23.2906547030334","22.5931449984777","","",
"Lituania","LTU","Empleos en agricultura (% del total de empleos)","SL.AGR.EMPL.ZS","","","","","","","","","","","","","","","","","","","","","","","","","","","","","","","","23.2900009155273","23.4099998474121","23.3999996185303","22.9599990844727","22.3099994659424","21.7000007629395","20.6599998474121","19.5599994659424","19.9899997711182","19.2399997711182","17.5699996948242","18.6399993896484","18.7099990844727","16.2800006866455","14.2700004577637","13.8299999237061","11.3299999237061","8.06999969482422","8.97999954223633","8.82999992370605","8.48999977111816","8.80000019073486","8.42000007629395","9.17000007629395","9.06999969482422","7.98000001907349","7.78000020980835","7.17999982833862","6.44000005722046","","",
"Luxemburgo","LUX","Empleos en agricultura (% del total de empleos)","SL.AGR.EMPL.ZS","","","","","","","","","","","","","","","","","","","","","","","","","","","","","","","","3.52999997138977","3.38000011444092","3.20000004768372","3.16000008583069","3.86999988555908","2.65000009536743","2.33999991416931","2.92000007629395","1.95000004768372","2.44000005722046","1.52999997138977","1.97000002861023","2.72000002861023","1.96000003814697","1.74000000953674","1.83000004291534","1.85000002384186","1.66999995708466","1.36000001430511","1.10000002384186","1.23000001907349","1.33000004291534","1.5900000333786","1.42999994754791","1.04999995231628","1.02999997138977","1.38999998569489","1.04999995231628","0.680000007152557","","",
"Letonia","LVA","Empleos en agricultura (% del total de empleos)","SL.AGR.EMPL.ZS","","","","","","","","","","","","","","","","","","","","","","","","","","","","","","","","18.75","19.0300006866455","18.6499996185303","18.2800006866455","17.4599990844727","17.2800006866455","21.5900001525879","19.0300006866455","17.4899997711182","14.9300003051758","15.4700002670288","16.2299995422363","14.2399997711182","13.3000001907349","12.0500001907349","11.460000038147","10.1800003051758","7.96000003814697","8.75","8.60999965667725","8.89999961853027","8.36999988555908","8.0600004196167","7.5","7.94000005722046","7.69000005722046","6.86999988555908","6.96999979019165","7.28999996185303","","",
"Región Administrativa Especial de Macao, China","MAC","Empleos en agricultura (% del total de empleos)","SL.AGR.EMPL.ZS","","","","","","","","","","","","","","","","","","","","","","","","","","","","","","","","0.46000000834465","0.449999988079071","0.439999997615814","0.430000007152557","0.419999986886978","0.419999986886978","0.409999996423721","0.400000005960464","0.400000005960464","0.400000005960464","0.400000005960464","0.400000005960464","0.400000005960464","0.400000005960464","0.400000005960464","0.400000005960464","0.400000005960464","0.400000005960464","0.400000005960464","0.400000005960464","0.400000005960464","0.400000005960464","0.400000005960464","0.400000005960464","0.400000005960464","0.400000005960464","0.400000005960464","0.400000005960464","0.400000005960464","","",
"Isla de San Martín (parte francesa)","MAF","Empleos en agricultura (% del total de empleos)","SL.AGR.EMPL.ZS","","","","","","","","","","","","","","","","","","","","","","","","","","","","","","","","","","","","","","","","","","","","","","","","","","","","","","","","","","","","","","",
"Marruecos","MAR","Empleos en agricultura (% del total de empleos)","SL.AGR.EMPL.ZS","","","","","","","","","","","","","","","","","","","","","","","","","","","","","","","","46.9300003051758","46.9199981689453","46.9000015258789","46.6399993896484","46.6800003051758","46.2999992370605","46.2000007629395","45.8199996948242","45.6399993896484","45.4300003051758","44.8400001525879","44.3800010681152","43.9000015258789","45.8300018310547","45.4799995422363","43.4000015258789","42.7400016784668","41.9799995422363","41.2999992370605","40.5699996948242","39.7799987792969","39.2200012207031","38.4000015258789","37.5699996948242","36.689998626709","35.9599990844727","35.0299987792969","34.1500015258789","33.25","","",
"Mónaco","MCO","Empleos en agricultura (% del total de empleos)","SL.AGR.EMPL.ZS","","","","","","","","","","","","","","","","","","","","","","","","","","","","","","","","","","","","","","","","","","","","","","","","","","","","","","","","","","","","","","",
"República de Moldova","MDA","Empleos en agricultura (% del total de empleos)","SL.AGR.EMPL.ZS","","","","","","","","","","","","","","","","","","","","","","","","","","","","","","","","43.0299987792969","41.1599998474121","44.1599998474121","46.5499992370605","45.0499992370605","42.8300018310547","41.560001373291","45.6800003051758","48.9099998474121","50.8699989318848","51.0299987792969","49.6500015258789","43","40.4900016784668","40.6500015258789","33.5999984741211","32.7599983215332","31.0599994659424","28.1700000762939","27.5200004577637","27.5300006866455","26.4500007629395","28.8099994659424","30.4799995422363","34.1500015258789","33.7000007629395","32.3400001525879","24.4599990844727","20.9599990844727","","",
"Madagascar","MDG","Empleos en agricultura (% del total de empleos)","SL.AGR.EMPL.ZS","","","","","","","","","","","","","","","","","","","","","","","","","","","","","","","","76.2600021362305","76.2900009155273","76.3099975585938","76.379997253418","76.4199981689453","76.4899978637695","76.5699996948242","76.629997253418","76.6900024414063","77","77.4499969482422","78.0599975585938","77.9800033569336","80.2699966430664","81.9599990844727","80.4300003051758","78.75","76.879997253418","75.2900009155273","73.370002746582","71.2399978637695","68.870002746582","67.9800033569336","67.1999969482422","66.4899978637695","65.7900009155273","65.25","64.6800003051758","64.120002746582","","",
"Maldivas","MDV","Empleos en agricultura (% del total de empleos)","SL.AGR.EMPL.ZS","","","","","","","","","","","","","","","","","","","","","","","","","","","","","","","","21.7600002288818","21.5799999237061","21.3999996185303","21.1399993896484","20.8700008392334","20.5300006866455","20.1000003814697","19.6800003051758","19.2800006866455","18.9599990844727","18.9899997711182","18.5","17.7900009155273","17.2199993133545","17.2299995422363","16.1800003051758","15.4200000762939","14.6099996566772","14.0200004577637","13.210000038147","12.4300003051758","11.8199996948242","11.1099996566772","10.4099998474121","9.82999992370605","9.23999977111816","8.96000003814697","8.60999965667725","8.31999969482422","","",
"Oriente Medio y Norte de África","MEA","Empleos en agricultura (% del total de empleos)","SL.AGR.EMPL.ZS","","","","","","","","","","","","","","","","","","","","","","","","","","","","","","","","29.0898754741121","29.3350830733358","28.5723664119257","28.2893844571507","27.4148878492175","26.7949647758255","26.3342165959708","25.7634457950816","25.3370420247647","25.5466681047","24.878783324443","24.2127266686088","24.2813034651569","24.4033076572044","23.6700645236957","22.7526717135708","22.2769289229907","21.3070568690084","20.3096669228142","19.1119111933371","18.7698042944273","18.0082736316232","17.8926586423081","17.6458942333305","17.1379669779951","16.7237612486718","16.1468004083896","15.1658704142708","14.5974545939876","","",
"México","MEX","Empleos en agricultura (% del total de empleos)","SL.AGR.EMPL.ZS","","","","","","","","","","","","","","","","","","","","","","","","","","","","","","","","21.0900001525879","20.9200000762939","20.7399997711182","20.4899997711182","20.4099998474121","20.0699996948242","19.75","19.3299999237061","18.3700008392334","17.4099998474121","17.4599990844727","16.8400001525879","16.1700000762939","15.5100002288818","14.8800001144409","14.25","13.789999961853","13.7399997711182","13.8100004196167","13.9200000762939","13.6899995803833","13.7200002670288","13.6499996185303","13.7700004577637","13.4300003051758","13.1000003814697","13.1199998855591","12.8100004196167","12.4799995422363","","",
"Islas Marshall","MHL","Empleos en agricultura (% del total de empleos)","SL.AGR.EMPL.ZS","","","","","","","","","","","","","","","","","","","","","","","","","","","","","","","","","","","","","","","","","","","","","","","","","","","","","","","","","","","","","","",
" Ingreso mediano","MIC","Empleos en agricultura (% del total de empleos)","SL.AGR.EMPL.ZS","","","","","","","","","","","","","","","","","","","","","","","","","","","","","","","","52.2127821880826","51.6929458622373","50.6024857956351","49.5392510905821","48.353341301324","47.4511555248617","46.940935842074","46.8650062962326","46.8693483530748","46.6316179135217","46.1652582141546","45.8430595858236","45.1570535071364","43.7652585151386","42.6123268449406","41.1974429882771","40.0235437462478","39.2971082176785","38.391391452588","37.4747021498942","36.2046149135846","35.0541499997477","33.9546437810375","32.7817826950171","32.0249059174815","31.3685551592928","30.6818585618882","29.8960200312096","29.2703361034422","","",
"Macedonia del Norte","MKD","Empleos en agricultura (% del total de empleos)","SL.AGR.EMPL.ZS","","","","","","","","","","","","","","","","","","","","","","","","","","","","","","","","26.3500003814697","26.4599990844727","26.6100006103516","26.6200008392334","26.4899997711182","26.3199996948242","26.0699996948242","25.7000007629395","25.1599998474121","24.5900001525879","24.3999996185303","23.9200000762939","22.0400009155273","21.4099998474121","20.7999992370605","20.1200008392334","18.25","18.25","18.5300006866455","18.6200008392334","18.7399997711182","17.3099994659424","18.7399997711182","18.4599990844727","17.8700008392334","16.6299991607666","16.2399997711182","15.7200002670288","13.9200000762939","","",
"Malí","MLI","Empleos en agricultura (% del total de empleos)","SL.AGR.EMPL.ZS","","","","","","","","","","","","","","","","","","","","","","","","","","","","","","","","74.25","74.2799987792969","74.1900024414063","74.0699996948242","73.9899978637695","73.7399978637695","73.4899978637695","73.129997253418","72.8000030517578","72.6399993896484","71.8300018310547","71.5500030517578","70.9899978637695","70.8000030517578","70.379997253418","69.9700012207031","69.7200012207031","69.3899993896484","68.9899978637695","68.5800018310547","68.0899963378906","67.9599990844727","67.6999969482422","66.6999969482422","62.2700004577637","64.9000015258789","63.1300010681152","63","62.439998626709","","",
"Malta","MLT","Empleos en agricultura (% del total de empleos)","SL.AGR.EMPL.ZS","","","","","","","","","","","","","","","","","","","","","","","","","","","","","","","","2.49000000953674","2.45000004768372","2.41000008583069","2.35999989509583","2.29999995231628","2.25","2.22000002861023","2.17000007629395","2.10999989509583","2.03999996185303","2.34999990463257","2.33999991416931","2.46000003814697","2.25999999046326","2.09999990463257","2.02999997138977","1.82000005245209","1.78999996185303","1.46000003814697","1.3400000333786","1.16999995708466","1.03999996185303","1.25999999046326","1.28999996185303","1.47000002861023","1.16999995708466","1","1","1.01999998092651","","",
"Myanmar","MMR","Empleos en agricultura (% del total de empleos)","SL.AGR.EMPL.ZS","","","","","","","","","","","","","","","","","","","","","","","","","","","","","","","","70.0500030517578","69.0599975585938","68.8899993896484","68.6800003051758","66.6500015258789","65.1399993896484","63.3499984741211","62.7599983215332","62.3499984741211","61.0999984741211","60.4900016784668","59.3400001525879","57.8300018310547","56.8499984741211","56.0999984741211","55.1300010681152","54.7000007629395","53.8899993896484","53.2900009155273","53.1399993896484","52.7999992370605","52.5999984741211","52.4000015258789","52.2000007629395","51.689998626709","51.2000007629395","50.6199989318848","48.1699981689453","48.8499984741211","","",
"Oriente Medio y Norte de África (excluido altos ingresos)","MNA","Empleos en agricultura (% del total de empleos)","SL.AGR.EMPL.ZS","","","","","","","","","","","","","","","","","","","","","","","","","","","","","","","","33.1242489686158","33.0217361651548","32.1845447451466","31.94307746775","31.3203823141232","30.5879328700061","30.0495831057668","29.4110601077902","28.9152031841549","29.2539815911498","28.5387151335252","27.9187356173763","28.0682752936585","28.288287578329","27.6011374561528","26.7187485453839","26.3573725666334","25.4810192594747","24.477529938525","23.2368121971804","23.0925282448883","22.2584297928505","22.1656973030793","21.8895982257943","21.2179558181738","20.8988087296457","20.4007211637083","19.3106362882663","18.6848714159558","","",
"Montenegro","MNE","Empleos en agricultura (% del total de empleos)","SL.AGR.EMPL.ZS","","","","","","","","","","","","","","","","","","","","","","","","","","","","","","","","11.2200002670288","11.4200000762939","11.789999961853","11.6999998092651","11.3699998855591","10.9300003051758","10.6199998855591","10.3500003814697","10.4399995803833","10.1099996566772","9.82999992370605","9.60999965667725","9.35000038146973","9","8.63000011444092","8.6899995803833","8.64999961853027","7.6100001335144","6.96999979019165","6.17999982833862","5.46999979019165","5.28000020980835","4.55999994277954","5.67999982833862","7.71999979019165","7.73999977111816","7.94000005722046","8.02000045776367","7.15000009536743","","",
"Mongolia","MNG","Empleos en agricultura (% del total de empleos)","SL.AGR.EMPL.ZS","","","","","","","","","","","","","","","","","","","","","","","","","","","","","","","","44.0999984741211","44.6199989318848","44.75","44.7000007629395","46.1399993896484","46.5299987792969","48.9500007629395","49.7400016784668","49.4900016784668","48.6399993896484","48.3499984741211","44.9500007629395","46.7000007629395","40.1699981689453","39.8800010681152","38.7599983215332","41.5800018310547","40.5900001525879","40.0099983215332","33.5299987792969","33.0299987792969","35.0200004577637","29.8199996948242","27.9799995422363","28.4500007629395","30.3600006103516","28.7800006866455","26.6599998474121","25.3199996948242","","",
"Mariana","MNP","Empleos en agricultura (% del total de empleos)","SL.AGR.EMPL.ZS","","","","","","","","","","","","","","","","","","","","","","","","","","","","","","","","","","","","","","","","","","","","","","","","","","","","","","","","","","","","","","",
"Mozambique","MOZ","Empleos en agricultura (% del total de empleos)","SL.AGR.EMPL.ZS","","","","","","","","","","","","","","","","","","","","","","","","","","","","","","","","84.4300003051758","84.5400009155273","84.3600006103516","84.2300033569336","84.1600036621094","83.8199996948242","83.4199981689453","82.9700012207031","82.4100036621094","82.2200012207031","81.5199966430664","80.9499969482422","80.4700012207031","79.9800033569336","79.5100021362305","78.8600006103516","78.2600021362305","77.6500015258789","77.0500030517578","76.3899993896484","75.629997253418","74.8499984741211","74.0199966430664","73.120002746582","72.120002746582","71.5599975585938","71.0599975585938","70.5899963378906","70.2200012207031","","",
"Mauritania","MRT","Empleos en agricultura (% del total de empleos)","SL.AGR.EMPL.ZS","","","","","","","","","","","","","","","","","","","","","","","","","","","","","","","","42.5900001525879","42.4799995422363","42.2599983215332","42.2599983215332","41.9000015258789","41.5999984741211","41.6100006103516","41.3699989318848","41","41.0400009155273","40.8199996948242","40.4500007629395","39.7900009155273","39.189998626709","38.4099998474121","37.3199996948242","37.0699996948242","36.75","36.4000015258789","35.939998626709","35.3699989318848","34.7700004577637","34.2099990844727","33.6100006103516","32.9700012207031","32.5499992370605","31.9799995422363","31.5200004577637","30.8299999237061","","",
"Mauricio","MUS","Empleos en agricultura (% del total de empleos)","SL.AGR.EMPL.ZS","","","","","","","","","","","","","","","","","","","","","","","","","","","","","","","","14.8199996948242","14.4099998474121","14.0900001525879","13.789999961853","14.4899997711182","13.039999961853","12.539999961853","11.8999996185303","11.1999998092651","11.4300003051758","11.7399997711182","10.8000001907349","12.7700004577637","10.0699996948242","10.0200004577637","9.72000026702881","9.43000030517578","9.14000034332275","9.03999996185303","8.63000011444092","7.73000001907349","7.65999984741211","7.40999984741211","7.15000009536743","6.90999984741211","6.67000007629395","6.42999982833862","6.19999980926514","5.96999979019165","","",
"Malawi","MWI","Empleos en agricultura (% del total de empleos)","SL.AGR.EMPL.ZS","","","","","","","","","","","","","","","","","","","","","","","","","","","","","","","","81.4800033569336","81.5100021362305","81.379997253418","81.4400024414063","81.1800003051758","81.0299987792969","80.9300003051758","80.8300018310547","80.75","80.7200012207031","80.9100036621094","80.8399963378906","80.5800018310547","80.379997253418","80.2300033569336","79.9599990844727","79.5199966430664","79.2099990844727","78.8499984741211","78.5100021362305","78.2300033569336","78.0800018310547","77.7900009155273","77.4899978637695","77.2900009155273","77.1100006103516","76.8600006103516","76.6399993896484","76.3600006103516","","",
"Malasia","MYS","Empleos en agricultura (% del total de empleos)","SL.AGR.EMPL.ZS","","","","","","","","","","","","","","","","","","","","","","","","","","","","","","","","22.4899997711182","21.7900009155273","21.1100006103516","20.5599994659424","19.9699993133545","19.3600006103516","17.2900009155273","18.7999992370605","18.3700008392334","18.3600006103516","15.1300001144409","14.9300003051758","14.2700004577637","14.5600004196167","14.6400003433228","14.6300001144409","14.7299995422363","13.960000038147","13.5","13.3000001907349","11.8800001144409","13.2600002288818","12.6899995803833","12.5900001525879","12.4700002670288","11.3699998855591","11.289999961853","10.6300001144409","10.2799997329712","","",
"América del Norte","NAC","Empleos en agricultura (% del total de empleos)","SL.AGR.EMPL.ZS","","","","","","","","","","","","","","","","","","","","","","","","","","","","","","","","2.08533118962252","2.06051153665511","2.0436252121507","2.00329467835415","1.9568194208274","1.92501526269381","1.87922898880926","1.84207306174566","1.78955540864964","1.71704868476324","1.59231322164314","1.59882420768088","1.56305833886649","1.52704519580378","1.48333802629672","1.46431917425289","1.36416653420674","1.40357602077489","1.41470594057404","1.46272890404395","1.48744392552984","1.42065981120614","1.37071627316183","1.3893010353778","1.46164594477448","1.44613652577303","1.43972708731122","1.38299106750848","1.37635868143387","","",
"Namibia","NAM","Empleos en agricultura (% del total de empleos)","SL.AGR.EMPL.ZS","","","","","","","","","","","","","","","","","","","","","","","","","","","","","","","","48.2799987792969","46.5800018310547","45.189998626709","43.6199989318848","41.9000015258789","40.2099990844727","38.4900016784668","36.1199989318848","33.7099990844727","31.2800006866455","31.1399993896484","30.7900009155273","30.4099998474121","29.9699993133545","29.7399997711182","29.2900009155273","28.9200000762939","28.6800003051758","28.5200004577637","28.1100006103516","27.7299995422363","27.3700008392334","31.3899993896484","29.3199996948242","24.4799995422363","20.0699996948242","21.3500003814697","22.5900001525879","21.8500003814697","","",
"Nueva Caledonia","NCL","Empleos en agricultura (% del total de empleos)","SL.AGR.EMPL.ZS","","","","","","","","","","","","","","","","","","","","","","","","","","","","","","","","8.35999965667725","8.18000030517578","7.98999977111816","7.76000022888184","7.5","7.23999977111816","6.57000017166138","6.01000022888184","5.5","5.03000020980835","4.55999994277954","4.11999988555908","3.73000001907349","3.39000010490417","3.0699999332428","2.91000008583069","2.89000010490417","2.74000000953674","2.63000011444092","2.53999996185303","2.44000005722046","2.34999990463257","2.26999998092651","2.21000003814697","2.13000011444092","2.05999994277954","2","1.92999994754791","1.87000000476837","","",
"Níger","NER","Empleos en agricultura (% del total de empleos)","SL.AGR.EMPL.ZS","","","","","","","","","","","","","","","","","","","","","","","","","","","","","","","","76.4599990844727","76.4800033569336","76.5299987792969","76.5599975585938","76.5699996948242","76.620002746582","76.6500015258789","76.4599990844727","76.5299987792969","76.6500015258789","76.4599990844727","76.3499984741211","76.3199996948242","76.3499984741211","76.129997253418","75.9400024414063","75.8399963378906","75.5500030517578","75.4800033569336","75.1399993896484","75.0400009155273","74.5500030517578","74.2699966430664","73.9700012207031","73.7699966430664","73.4800033569336","73.2200012207031","72.8600006103516","72.5400009155273","","",
"Nigeria","NGA","Empleos en agricultura (% del total de empleos)","SL.AGR.EMPL.ZS","","","","","","","","","","","","","","","","","","","","","","","","","","","","","","","","50.5699996948242","50.4099998474121","50.3600006103516","50.2799987792969","50.1800003051758","49.9300003051758","49.6699981689453","49.4199981689453","49.2099990844727","48.75","48.1300010681152","47.0999984741211","46.3699989318848","45.560001373291","44.9500007629395","44.3400001525879","43.6599998474121","42.9500007629395","42.1599998474121","41.3600006103516","40.5800018310547","39.4700012207031","38.2700004577637","37.5099983215332","36.939998626709","36.5499992370605","36.0499992370605","35.5299987792969","34.9700012207031","","",
"Nicaragua","NIC","Empleos en agricultura (% del total de empleos)","SL.AGR.EMPL.ZS","","","","","","","","","","","","","","","","","","","","","","","","","","","","","","","","34.7799987792969","34.7599983215332","34.7200012207031","34.5","34.2599983215332","33.9900016784668","33.4900016784668","33.0499992370605","32.1500015258789","31.8500003814697","31.2299995422363","30.9300003051758","30.5300006866455","30.3099994659424","28.8899993896484","29.1599998474121","29.6100006103516","28.1599998474121","28.6599998474121","29.4699993133545","30.2700004577637","30.5100002288818","30.8799991607666","31.4400005340576","30.9799995422363","30.3700008392334","29.9200000762939","30.3299999237061","30.6000003814697","","",
"Países Bajos","NLD","Empleos en agricultura (% del total de empleos)","SL.AGR.EMPL.ZS","","","","","","","","","","","","","","","","","","","","","","","","","","","","","","","","4.25","4.17000007629395","4.07999992370605","3.99000000953674","3.82999992370605","3.77999997138977","3.71000003814697","3.49000000953674","3.21000003814697","3.27999997138977","3.11999988555908","2.94000005722046","3.03999996185303","3.30999994277954","3.70000004768372","3.65000009536743","3.33999991416931","3.17000007629395","3.13000011444092","3.05999994277954","2.77999997138977","2.73000001907349","2.09999990463257","2.28999996185303","2.3199999332428","2.25999999046326","2.26999998092651","2.09999990463257","2.07999992370605","","",
"Noruega","NOR","Empleos en agricultura (% del total de empleos)","SL.AGR.EMPL.ZS","","","","","","","","","","","","","","","","","","","","","","","","","","","","","","","","5.78000020980835","5.51000022888184","5.51000022888184","5.26000022888184","5.46000003814697","5.38000011444092","5.09000015258789","4.73999977111816","4.59999990463257","4.28999996185303","4.09000015258789","3.95000004768372","3.82999992370605","3.58999991416931","3.29999995231628","3.25","2.85999989509583","2.64000010490417","2.70000004768372","2.54999995231628","2.36999988555908","2.23000001907349","2.21000003814697","2.25","2.00999999046326","2.08999991416931","2.05999994277954","2.10999989509583","2.03999996185303","","",
"Nepal","NPL","Empleos en agricultura (% del total de empleos)","SL.AGR.EMPL.ZS","","","","","","","","","","","","","","","","","","","","","","","","","","","","","","","","82.3300018310547","82.0999984741211","81.75","81.1500015258789","80.5199966430664","79.6800003051758","78.6600036621094","77.5199966430664","76.1100006103516","75.25","74.5899963378906","74.1900024414063","73.6100006103516","73.0800018310547","72.6399993896484","72.2099990844727","71.7799987792969","71.129997253418","70.6100006103516","70.0400009155273","69.5400009155273","68.8600006103516","68.2399978637695","67.4800033569336","66.9300003051758","66.6600036621094","65.8099975585938","65.0800018310547","64.379997253418","","",
"Nauru","NRU","Empleos en agricultura (% del total de empleos)","SL.AGR.EMPL.ZS","","","","","","","","","","","","","","","","","","","","","","","","","","","","","","","","","","","","","","","","","","","","","","","","","","","","","","","","","","","","","","",
"Nueva Zelandia","NZL","Empleos en agricultura (% del total de empleos)","SL.AGR.EMPL.ZS","","","","","","","","","","","","","","","","","","","","","","","","","","","","","","","","10.9899997711182","10.8100004196167","10.6199998855591","10.3699998855591","9.77999973297119","9.19999980926514","8.64000034332275","8.53999996185303","9.42000007629395","8.71000003814697","9.13000011444092","8.81999969482422","7.86999988555908","7.32000017166138","6.90999984741211","6.96999979019165","6.92000007629395","6.65000009536743","6.48999977111816","6.73999977111816","6.90999984741211","6.75","6.44999980926514","6.25","6.1399998664856","6.6100001335144","6.34000015258789","5.90999984741211","5.84000015258789","","",
"Miembros OCDE","OED","Empleos en agricultura (% del total de empleos)","SL.AGR.EMPL.ZS","","","","","","","","","","","","","","","","","","","","","","","","","","","","","","","","8.58536877719914","8.4531962505854","8.19655565367065","8.05314444403633","7.8471686642521","7.67347803874721","7.53022418919295","7.42617744855465","7.15597687652638","6.87021436629104","6.75413463526073","6.60762322662198","6.41457753087124","6.14929539334962","6.01208417561333","5.8255211966757","5.61617877453289","5.44295062330657","5.48373603806799","5.55442747422139","5.54323215905757","5.49139961444239","5.40407901070379","5.24977021985234","5.17476978896524","5.04751683137998","5.03169025374963","4.92547257728217","4.78232843964602","","",
"Omán","OMN","Empleos en agricultura (% del total de empleos)","SL.AGR.EMPL.ZS","","","","","","","","","","","","","","","","","","","","","","","","","","","","","","","","9.89999961853027","9.68000030517578","9.43000030517578","8.6899995803833","7.96999979019165","7.30000019073486","7.07999992370605","6.84999990463257","6.63000011444092","6.3899998664856","6.69999980926514","7.01000022888184","7.32999992370605","7.6399998664856","7.92999982833862","8.21000003814697","8.43000030517578","8.60999965667725","6.78999996185303","5.15000009536743","5.09000015258789","5.03000020980835","4.8600001335144","4.67999982833862","4.57000017166138","4.46999979019165","4.32000017166138","4.1399998664856","3.99000000953674","","",
"Otros Estados pequeos","OSS","Empleos en agricultura (% del total de empleos)","SL.AGR.EMPL.ZS","","","","","","","","","","","","","","","","","","","","","","","","","","","","","","","","31.8216697499474","31.5603613940173","31.2511266484965","30.8161132843639","30.2426020479459","29.7751361945804","29.5876211398606","29.4915105705591","29.1953701552629","28.378311963535","27.9395095033203","27.7040834072924","27.4782083095463","26.8380471099968","26.287694458557","25.5443821889898","24.6223813428326","23.6312851929642","23.1267339563862","22.437965503131","21.9298481796179","21.4247348750997","21.248856883942","20.8028321124432","20.1913521275104","19.5314057315784","19.3166889631235","19.0379900779877","18.6798960796651","","",
"Pakistán","PAK","Empleos en agricultura (% del total de empleos)","SL.AGR.EMPL.ZS","","","","","","","","","","","","","","","","","","","","","","","","","","","","","","","","44.810001373291","44.5499992370605","44.4599990844727","44.2999992370605","44.0499992370605","43.7599983215332","43.7000007629395","43.5299987792969","43.2700004577637","43.0099983215332","42.75","42.5099983215332","42.0900001525879","42.5699996948242","43.0699996948242","43.3899993896484","43.6399993896484","44.7000007629395","43.310001373291","43.3899993896484","43.4900016784668","42.8899993896484","42.2400016784668","42.2299995422363","41.0099983215332","42.2700004577637","39.8600006103516","37.4199981689453","36.9199981689453","","",
"Panamá","PAN","Empleos en agricultura (% del total de empleos)","SL.AGR.EMPL.ZS","","","","","","","","","","","","","","","","","","","","","","","","","","","","","","","","27.2999992370605","24.9899997711182","23.0900001525879","19.9099998474121","20.7999992370605","20.1499996185303","18.6499996185303","17.7600002288818","17.4400005340576","16.9699993133545","18.0599994659424","17.3500003814697","17.4799995422363","16.0100002288818","15.6800003051758","15.9499998092651","14.7399997711182","17.8999996185303","18.0400009155273","17.4200000762939","16.5499992370605","16.7099990844727","16.3600006103516","15.6999998092651","14.6700000762939","15.3599996566772","14.4899997711182","14.210000038147","14.4099998474121","","",
"Perú","PER","Empleos en agricultura (% del total de empleos)","SL.AGR.EMPL.ZS","","","","","","","","","","","","","","","","","","","","","","","","","","","","","","","","37.0999984741211","37.1199989318848","36.8499984741211","36.2000007629395","35.75","35.5299987792969","35.1100006103516","35.0800018310547","35.0699996948242","34.7999992370605","34.6599998474121","34.2099990844727","35.9799995422363","34.25","34.8199996948242","33.0800018310547","29.4300003051758","28.9200000762939","28.5200004577637","27.7299995422363","28.2800006866455","27.4400005340576","27.4099998474121","28.0300006866455","28.2600002288818","28.3799991607666","27.6900005340576","27.7900009155273","27.3700008392334","","",
"Filipinas","PHL","Empleos en agricultura (% del total de empleos)","SL.AGR.EMPL.ZS","","","","","","","","","","","","","","","","","","","","","","","","","","","","","","","","44.9099998474121","45.2700004577637","45.689998626709","45.0900001525879","43.4099998474121","42.8400001525879","39.5099983215332","37.8899993896484","38.8400001525879","37.1100006103516","37.0299987792969","37","36.4199981689453","35.9700012207031","35.3899993896484","34.810001373291","34.2200012207031","34.0299987792969","33.7599983215332","32.9199981689453","32.6800003051758","32.1599998474121","31.0499992370605","30.4200000762939","29.1900005340576","26.8999996185303","25.4400005340576","24.2900009155273","22.8600006103516","","",
"Palau","PLW","Empleos en agricultura (% del total de empleos)","SL.AGR.EMPL.ZS","","","","","","","","","","","","","","","","","","","","","","","","","","","","","","","","","","","","","","","","","","","","","","","","","","","","","","","","","","","","","","",
"Papua Nueva Guinea","PNG","Empleos en agricultura (% del total de empleos)","SL.AGR.EMPL.ZS","","","","","","","","","","","","","","","","","","","","","","","","","","","","","","","","73.8499984741211","73.629997253418","73.3600006103516","73.1600036621094","73.2399978637695","72.6699981689453","72.6800003051758","72.6100006103516","72.8099975585938","73.3199996948242","72.7699966430664","72.5100021362305","72.120002746582","71.4400024414063","70.8300018310547","70.0199966430664","68.870002746582","68.5","67.2099990844727","65.4300003051758","64.5500030517578","63.1699981689453","62.189998626709","61.3600006103516","59.7999992370605","59","58.1500015258789","57.3199996948242","56.1500015258789","","",
"Polonia","POL","Empleos en agricultura (% del total de empleos)","SL.AGR.EMPL.ZS","","","","","","","","","","","","","","","","","","","","","","","","","","","","","","","","25.5699996948242","25.1299991607666","24.5","23.7099990844727","22.8799991607666","21.9799995422363","21.0699996948242","20.2600002288818","19.4500007629395","18.6700000762939","19.2000007629395","19.6299991607666","18.2000007629395","17.6100006103516","17.3799991607666","15.789999961853","14.75","13.9700002670288","13.289999961853","13.0500001907349","12.9099998474121","12.5799999237061","12","11.4899997711182","11.5299997329712","10.5799999237061","10.2200002670288","9.61999988555908","9.14999961853027","","",
"previa al dividendo demográfico","PRE","Empleos en agricultura (% del total de empleos)","SL.AGR.EMPL.ZS","","","","","","","","","","","","","","","","","","","","","","","","","","","","","","","","64.1331305558435","64.0862050434293","64.0631984700162","63.970743116551","63.7847920620613","63.5353987336987","63.3174570903163","63.066147112641","62.8593040759638","62.7944978120187","62.5913162763886","62.1365725315704","61.7328681108458","61.3482965967954","61.0232417269669","60.3852014007913","59.829207983845","59.282135057716","58.6107652408148","57.8736894015624","57.1183892268144","56.2480618677249","55.7628116134619","55.0172323380685","54.3545875880983","54.0251192210533","53.5946812245574","53.0859778132655","52.5920858481544","","",
"Puerto Rico","PRI","Empleos en agricultura (% del total de empleos)","SL.AGR.EMPL.ZS","","","","","","","","","","","","","","","","","","","","","","","","","","","","","","","","3.57999992370605","3.44000005722046","3.39000010490417","3.50999999046326","2.89000010490417","2.70000004768372","2.8199999332428","2.46000003814697","2.19000005722046","1.88999998569489","2.02999997138977","1.97000002861023","2","2.11999988555908","2.07999992370605","1.44000005722046","1.12999999523163","1.49000000953674","1.49000000953674","1.37999999523163","1.32000005245209","1.32000005245209","1.27999997138977","1.24000000953674","1.19000005722046","1.1599999666214","1.12999999523163","1.10000002384186","1.0900000333786","","",
"Corea, República Popular Democrática de","PRK","Empleos en agricultura (% del total de empleos)","SL.AGR.EMPL.ZS","","","","","","","","","","","","","","","","","","","","","","","","","","","","","","","","48.0499992370605","48.5999984741211","49.0400009155273","49.3699989318848","49.8400001525879","50.2200012207031","50.8699989318848","50.9900016784668","50.3400001525879","50.2200012207031","49.7000007629395","49.439998626709","49.1100006103516","48.7299995422363","48.1599998474121","48.1199989318848","48.0299987792969","47.5","47.3300018310547","47.0900001525879","46.7299995422363","46.3199996948242","45.9199981689453","45.5099983215332","45.2700004577637","44.6399993896484","44.5900001525879","44.5400009155273","43.8199996948242","","",
"Portugal","PRT","Empleos en agricultura (% del total de empleos)","SL.AGR.EMPL.ZS","","","","","","","","","","","","","","","","","","","","","","","","","","","","","","","","11.7299995422363","11.539999961853","11.5600004196167","11.7600002288818","11.4799995422363","12.1999998092651","13.289999961853","13.9300003051758","12.789999961853","12.6800003051758","13.1700000762939","12.6300001144409","12.9700002670288","12.3000001907349","12.0500001907349","11.9099998474121","11.8400001525879","11.4399995803833","11.4499998092651","11.1999998092651","10.210000038147","10.8100004196167","10.2299995422363","8.64999961853027","7.53000020980835","6.90999984741211","6.40000009536743","6.03999996185303","5.5","","",
"Paraguay","PRY","Empleos en agricultura (% del total de empleos)","SL.AGR.EMPL.ZS","","","","","","","","","","","","","","","","","","","","","","","","","","","","","","","","35.310001373291","35.2200012207031","34.9500007629395","34.6699981689453","34.2599983215332","34.1199989318848","33.8400001525879","33.7900009155273","33.75","33.9000015258789","34.0099983215332","33.8300018310547","31.3299999237061","32.75","32.0200004577637","30.3099994659424","28.6700000762939","25.2999992370605","27.9599990844727","25.6200008392334","25.5200004577637","26.1399993896484","22.8199996948242","22.0799999237061","19.7000007629395","21.3199996948242","20.1800003051758","20.0799999237061","18.7199993133545","","",
"Ribera Occidental y Gaza","PSE","Empleos en agricultura (% del total de empleos)","SL.AGR.EMPL.ZS","","","","","","","","","","","","","","","","","","","","","","","","","","","","","","","","15.5100002288818","15.2700004577637","15.1099996566772","14.7600002288818","14.6899995803833","14.6899995803833","14.3000001907349","14.0200004577637","13.6999998092651","14.0600004196167","12.2399997711182","15.3900003433228","16.2399997711182","16.3600006103516","15.0299997329712","16.7399997711182","16.0599994659424","13.3699998855591","12.6000003814697","11.8100004196167","11.6199998855591","11.4799995422363","10.5500001907349","10.3999996185303","8.65999984741211","7.3600001335144","6.71000003814697","6.32000017166138","6.05000019073486","","",
"Estados pequeos de las Islas del Pacfico","PSS","Empleos en agricultura (% del total de empleos)","SL.AGR.EMPL.ZS","","","","","","","","","","","","","","","","","","","","","","","","","","","","","","","","44.2775894017103","44.1221032986792","44.0513465770211","43.6805135936453","43.4048647565429","43.1438771125197","43.0807761727772","42.6235508964276","42.4856216775711","42.4785084413297","41.707399808735","42.2330943408338","42.1434625643441","41.6438878000677","40.7556616949669","39.8790613159374","39.2451383957967","37.9058227671312","37.1407898767682","36.8492688464004","35.8688251049221","35.428437784457","34.9563880771913","34.3865982786443","33.5793141048372","33.0005347591043","32.4505182716823","31.858083388512","31.3936266384269","","",
"posterior al dividendo demográfico","PST","Empleos en agricultura (% del total de empleos)","SL.AGR.EMPL.ZS","","","","","","","","","","","","","","","","","","","","","","","","","","","","","","","","6.87987702872926","6.74765596091241","6.53564292793267","6.36725323017323","6.14026127283458","5.94467259581785","5.78600155729509","5.67927114617216","5.52014397342446","5.33077341028456","5.11525222073438","4.9870670005153","4.8512385681611","4.64588869509343","4.49791783131019","4.34502172904003","4.16714964718856","3.97290039253131","3.98141688122101","3.91198456731804","3.84770857574003","3.74791023933452","3.69433894711271","3.38486780592881","3.34453186366066","3.28966215157915","3.23555857606079","3.14685677069182","3.08130378853973","","",
"Polinesia Francesa","PYF","Empleos en agricultura (% del total de empleos)","SL.AGR.EMPL.ZS","","","","","","","","","","","","","","","","","","","","","","","","","","","","","","","","15.6899995803833","15.4300003051758","15.210000038147","14.960000038147","14.6000003814697","14.25","13.3699998855591","12.4300003051758","11.6300001144409","10.8800001144409","10.0900001525879","9.39000034332275","9.30000019073486","9.30000019073486","9.28999996185303","9.28999996185303","9.25","9.02000045776367","8.88000011444092","8.71000003814697","8.57999992370605","8.38000011444092","8.19999980926514","7.94999980926514","7.71999979019165","7.5","7.26000022888184","7.03999996185303","6.82999992370605","","",
"Qatar","QAT","Empleos en agricultura (% del total de empleos)","SL.AGR.EMPL.ZS","","","","","","","","","","","","","","","","","","","","","","","","","","","","","","","","4.42000007629395","4.34999990463257","4.26999998092651","4.1399998664856","4","3.86999988555908","3.69000005722046","3.29999995231628","2.9300000667572","2.59999990463257","2.28999996185303","2.44000005722046","2.59999990463257","2.75","2.85999989509583","2.97000002861023","2.34999990463257","1.57000005245209","1.57000005245209","1.46000003814697","1.36000001430511","1.35000002384186","1.37999999523163","1.30999994277954","1.23000001907349","1.22000002861023","1.25","1.21000003814697","1.16999995708466","","",
"Rumania","ROU","Empleos en agricultura (% del total de empleos)","SL.AGR.EMPL.ZS","","","","","","","","","","","","","","","","","","","","","","","","","","","","","","","","29.7800006866455","32.9799995422363","35.9900016784668","39.0400009155273","40.3300018310547","37.9599990844727","40.8699989318848","41.9799995422363","44.0099983215332","45.2099990844727","44.4300003051758","37.7099990844727","37.6800003051758","32.5699996948242","32.2900009155273","30.6000003814697","29.5300006866455","28.7000007629395","29.0900001525879","31.0100002288818","29.2600002288818","29.7099990844727","29.25","28.3500003814697","25.5900001525879","23.1000003814697","22.7800006866455","22.3099994659424","21.2399997711182","","",
"Federación de Rusia","RUS","Empleos en agricultura (% del total de empleos)","SL.AGR.EMPL.ZS","","","","","","","","","","","","","","","","","","","","","","","","","","","","","","","","14.2399997711182","15.4200000762939","15.5600004196167","16.1499996185303","15.7799997329712","15.2700004577637","12.1599998474121","11.6899995803833","15.0100002288818","14.4899997711182","12.0500001907349","11.3400001525879","10.8000001907349","10.4799995422363","10.1400003433228","9.88000011444092","8.98999977111816","8.52999973297119","8.27000045776367","7.75","7.69000005722046","7.32999992370605","6.98999977111816","6.71999979019165","6.71000003814697","6.71999979019165","5.90000009536743","5.88000011444092","5.82999992370605","","",
"Rwanda","RWA","Empleos en agricultura (% del total de empleos)","SL.AGR.EMPL.ZS","","","","","","","","","","","","","","","","","","","","","","","","","","","","","","","","89.1699981689453","89.0299987792969","88.9599990844727","89","89.0899963378906","88.9199981689453","88.8000030517578","88.7699966430664","88.75","88.5599975585938","88.2399978637695","87.7099990844727","87.0199966430664","86.1399993896484","85.1600036621094","84.1399993896484","83.0899963378906","81.870002746582","80.7200012207031","79.4499969482422","78.0899963378906","76.6100006103516","72.9000015258789","68.4499969482422","66.9499969482422","65.8199996948242","64.620002746582","63.3499984741211","62.2900009155273","","",
"Asia meridional","SAS","Empleos en agricultura (% del total de empleos)","SL.AGR.EMPL.ZS","","","","","","","","","","","","","","","","","","","","","","","","","","","","","","","","62.5481347408272","62.2561045759475","61.8673180820511","61.431848222411","60.9248938101495","60.3538329230622","60.1679270668678","59.8554324927195","59.2932484108987","58.8758831016538","58.1786496812871","57.4971467770078","56.5155501656956","55.4967322660228","54.6145404177776","53.5919419614848","52.7938290509214","52.3622429413064","51.3767736785314","50.5269213270456","48.7197646800969","46.8287714374653","46.2581945897038","45.6663881501008","44.9461445130413","44.4434714492741","43.437116439747","42.5799932191701","41.8503935481995","","",
"Arabia Saudita","SAU","Empleos en agricultura (% del total de empleos)","SL.AGR.EMPL.ZS","","","","","","","","","","","","","","","","","","","","","","","","","","","","","","","","7.8600001335144","7.65999984741211","7.44999980926514","7.25","7.05999994277954","6.86999988555908","6.67999982833862","6.46000003814697","6.26000022888184","6.11999988555908","6.03000020980835","4.65999984741211","4.48999977111816","4.30999994277954","4.15000009536743","3.98000001907349","4.28999996185303","4.28999996185303","4.05999994277954","4.15999984741211","4.26000022888184","4.3600001335144","4.44999980926514","5.26000022888184","6.09999990463257","4.96999979019165","3.55999994277954","2.51999998092651","2.41000008583069","","",
"Sudán","SDN","Empleos en agricultura (% del total de empleos)","SL.AGR.EMPL.ZS","","","","","","","","","","","","","","","","","","","","","","","","","","","","","","","","53.3199996948242","53.2200012207031","53.1500015258789","53.0699996948242","52.939998626709","52.7299995422363","52.4700012207031","52.2200012207031","51.9500007629395","51.5499992370605","51.1100006103516","50.6399993896484","50.1100006103516","49.6199989318848","49.0400009155273","48.3699989318848","47.5900001525879","46.8800010681152","46.189998626709","45.6800003051758","44.5999984741211","43.6399993896484","42.8300018310547","42.1100006103516","41.25","40.3699989318848","39.5200004577637","38.9500007629395","38.3699989318848","","",
"Senegal","SEN","Empleos en agricultura (% del total de empleos)","SL.AGR.EMPL.ZS","","","","","","","","","","","","","","","","","","","","","","","","","","","","","","","","48.9099998474121","48.8400001525879","48.7400016784668","48.6399993896484","48.3600006103516","48.1500015258789","47.8499984741211","47.3600006103516","46.7799987792969","46.3199996948242","45.6300010681152","45.0999984741211","44.1699981689453","43.25","42.3400001525879","41.6199989318848","40.7000007629395","39.8400001525879","39.0699996948242","38.189998626709","37.4000015258789","36.3899993896484","35.4900016784668","34.3499984741211","33.3300018310547","32.4900016784668","31.6200008392334","30.8299999237061","30.1000003814697","","",
"Singapur","SGP","Empleos en agricultura (% del total de empleos)","SL.AGR.EMPL.ZS","","","","","","","","","","","","","","","","","","","","","","","","","","","","","","","","0.280000001192093","0.319999992847443","0.239999994635582","0.300000011920929","0.239999994635582","0.189999997615814","0.180000007152557","0.180000007152557","0.170000001788139","0.159999996423721","0.150000005960464","0.150000005960464","0.140000000596046","0.140000000596046","0.129999995231628","0.129999995231628","0.119999997317791","0.119999997317791","0.109999999403954","0.109999999403954","0.109999999403954","0.100000001490116","0.100000001490116","0.0900000035762787","0.0799999982118607","0.0599999986588955","0.0599999986588955","0.0599999986588955","0.0299999993294477","","",
"Islas Salomón","SLB","Empleos en agricultura (% del total de empleos)","SL.AGR.EMPL.ZS","","","","","","","","","","","","","","","","","","","","","","","","","","","","","","","","52.4099998474121","52.0999984741211","52.0299987792969","51.3199996948242","51.0999984741211","50.6800003051758","50.8699989318848","50.1300010681152","50.060001373291","51.2099990844727","49.9599990844727","51.8600006103516","52.3300018310547","51.5","49.4199981689453","48.2400016784668","47.6599998474121","45.9599990844727","46.1300010681152","45.5499992370605","43.5099983215332","42.4700012207031","41.6300010681152","40.9700012207031","40.0900001525879","39.4799995422363","38.7599983215332","37.9099998474121","37.2599983215332","","",
"Sierra Leona","SLE","Empleos en agricultura (% del total de empleos)","SL.AGR.EMPL.ZS","","","","","","","","","","","","","","","","","","","","","","","","","","","","","","","","71.879997253418","72.0999984741211","71.9000015258789","71.7699966430664","71.8499984741211","71.5800018310547","71.6100006103516","71.2900009155273","71.1999969482422","70.6500015258789","70.9599990844727","69.6699981689453","69.0100021362305","68.4599990844727","68.1399993896484","67.6800003051758","66.8099975585938","65.9800033569336","65.1900024414063","64.1600036621094","62.9700012207031","61.1699981689453","59.1599998474121","57.6500015258789","58.060001373291","57.0299987792969","56.1399993896484","55.3600006103516","54.4900016784668","","",
"El Salvador","SLV","Empleos en agricultura (% del total de empleos)","SL.AGR.EMPL.ZS","","","","","","","","","","","","","","","","","","","","","","","","","","","","","","","","28.5200004577637","27.9500007629395","27.6000003814697","27.2099990844727","26.6000003814697","26.2999992370605","25.9200000762939","25.0799999237061","22.1399993896484","21.6100006103516","21.7999992370605","19.75","18.2399997711182","19.1299991607666","19.9899997711182","18.8600006103516","18.0200004577637","18.6900005340576","20.9099998474121","20.7800006866455","21.6000003814697","20.9699993133545","19.5900001525879","18.7600002288818","18.1100006103516","18.6800003051758","18.5799999237061","16.7099990844727","16.2900009155273","","",
"San Marino","SMR","Empleos en agricultura (% del total de empleos)","SL.AGR.EMPL.ZS","","","","","","","","","","","","","","","","","","","","","","","","","","","","","","","","","","","","","","","","","","","","","","","","","","","","","","","","","","","","","","",
"Somalia","SOM","Empleos en agricultura (% del total de empleos)","SL.AGR.EMPL.ZS","","","","","","","","","","","","","","","","","","","","","","","","","","","","","","","","82.9599990844727","83.0999984741211","83.0500030517578","83.3300018310547","83.2900009155273","83.1800003051758","83.3000030517578","83.2699966430664","83.2300033569336","83.1800003051758","83.0999984741211","82.9800033569336","82.8399963378906","82.7200012207031","82.5800018310547","82.4599990844727","82.2900009155273","82.1500015258789","82","81.8399963378906","81.6800003051758","81.5699996948242","81.4300003051758","81.2600021362305","81.0199966430664","80.8199996948242","80.6900024414063","80.4899978637695","80.2799987792969","","",
"Serbia","SRB","Empleos en agricultura (% del total de empleos)","SL.AGR.EMPL.ZS","","","","","","","","","","","","","","","","","","","","","","","","","","","","","","","","29.4599990844727","30","30.7000007629395","30.5300006866455","29.6000003814697","29.1299991607666","28.5300006866455","28.0300006866455","28.3099994659424","27.3899993896484","26.4300003051758","25.2800006866455","24.5","24.0499992370605","23.3199996948242","20.5400009155273","20.8099994659424","25.0499992370605","23.8700008392334","22.3400001525879","21.2199993133545","20.9699993133545","21.2900009155273","19.8600006103516","19.4099998474121","18.6100006103516","17.2199993133545","15.9300003051758","15.6099996566772","","",
"África al sur del Sahara (excluido altos ingresos)","SSA","Empleos en agricultura (% del total de empleos)","SL.AGR.EMPL.ZS","","","","","","","","","","","","","","","","","","","","","","","","","","","","","","","","63.324231234013","63.2797507563595","63.1920607780817","63.0884665324593","62.926802416223","62.6787478785229","62.5129934938726","62.3563013141736","62.1929462450793","62.2170643102987","62.1320562782791","61.9818112985244","61.7380288699618","61.3378309252637","61.1328933520479","60.5269412698194","59.9333852317654","59.2502874374416","58.7519126668961","58.1772950573689","57.4551151263242","56.6908174235253","56.1761775902366","55.3501639690559","54.6164928627998","54.3017191708648","53.8133792053432","53.3274132487989","52.8964356488986","","",
"Sudán del Sur","SSD","Empleos en agricultura (% del total de empleos)","SL.AGR.EMPL.ZS","","","","","","","","","","","","","","","","","","","","","","","","","","","","","","","","67.4599990844727","67.2099990844727","66.9499969482422","66.75","66.5100021362305","66.3099975585938","66.0599975585938","65.9400024414063","65.8499984741211","65.6600036621094","65.3899993896484","65.0999984741211","64.7600021362305","64.5299987792969","64.2300033569336","63.8499984741211","63.4099998474121","63.0800018310547","63.0900001525879","62.7799987792969","62.5299987792969","62.2900009155273","61.0499992370605","61.0800018310547","61.7900009155273","61.8400001525879","61.6599998474121","60.8400001525879","60.3800010681152","","",
"África al sur del Sahara","SSF","Empleos en agricultura (% del total de empleos)","SL.AGR.EMPL.ZS","","","","","","","","","","","","","","","","","","","","","","","","","","","","","","","","63.324231234013","63.2797507563595","63.1920607780817","63.0884665324593","62.926802416223","62.6787478785229","62.5129934938726","62.3563013141736","62.1929462450793","62.2170643102987","62.1320562782791","61.9818112985244","61.7380288699618","61.3378309252637","61.1328933520479","60.5269412698194","59.9333852317654","59.2502874374416","58.7519126668961","58.1772950573689","57.4551151263242","56.6908174235253","56.1761775902366","55.3501639690559","54.6164928627998","54.3017191708648","53.8133792053432","53.3274132487989","52.8964356488986","","",
"Pequeños Estados","SST","Empleos en agricultura (% del total de empleos)","SL.AGR.EMPL.ZS","","","","","","","","","","","","","","","","","","","","","","","","","","","","","","","","30.1611845533746","29.907565789415","29.3531098184857","28.9722248471207","28.3140626499968","27.8436681466267","27.4543567639957","27.1887147533945","26.9279579824848","26.2891572254859","25.9249935872407","25.6572561754391","25.4456385419554","24.6533490546894","24.1334117305405","23.5863783887568","22.8934616646198","22.1166879432178","21.7710798530056","21.2660605192866","20.8306892021423","20.4570777657921","20.2756456721491","19.901846698531","19.3377248727151","18.7289512004278","18.5320408485644","18.2507063744753","17.8670837135106","","",
"Santo Tomé y Príncipe","STP","Empleos en agricultura (% del total de empleos)","SL.AGR.EMPL.ZS","","","","","","","","","","","","","","","","","","","","","","","","","","","","","","","","33.7000007629395","33.5800018310547","33.4300003051758","33.2099990844727","32.9700012207031","32.7000007629395","32.4099998474121","32.0099983215332","31.5499992370605","31.1499996185303","30.5799999237061","30","29.2099990844727","29.3099994659424","27.9099998474121","27.0300006866455","26.4799995422363","25.6499996185303","25.1200008392334","24.3899993896484","23.7600002288818","23.2000007629395","22.5400009155273","21.8299999237061","21.2399997711182","20.6599998474121","20.1000003814697","19.6100006103516","19.1399993896484","","",
"Suriname","SUR","Empleos en agricultura (% del total de empleos)","SL.AGR.EMPL.ZS","","","","","","","","","","","","","","","","","","","","","","","","","","","","","","","","4.42000007629395","4.42999982833862","4.61999988555908","6.32999992370605","7.28999996185303","6.15000009536743","5.44999980926514","5.78999996185303","6.40000009536743","6.57999992370605","7","7.6100001335144","7.98000001907349","8.4399995803833","8.48999977111816","8.47000026702881","8.46000003814697","8.39999961853027","8.1899995803833","8.03999996185303","7.8899998664856","7.76000022888184","7.6100001335144","7.59999990463257","7.69000005722046","8.23999977111816","8.14000034332275","8.02000045776367","8.07999992370605","","",
"República Eslovaca","SVK","Empleos en agricultura (% del total de empleos)","SL.AGR.EMPL.ZS","","","","","","","","","","","","","","","","","","","","","","","","","","","","","","","","10.6599998474121","10.4399995803833","10.4200000762939","10.1700000762939","9.19999980926514","8.89999961853027","9.17000007629395","8.14000034332275","7.25","6.94000005722046","6.26000022888184","6.59000015258789","6","5.09000015258789","4.75","4.3899998664856","4.21000003814697","3.96000003814697","3.58999991416931","3.23000001907349","3.07999992370605","3.24000000953674","3.30999994277954","3.5","3.1800000667572","2.89000010490417","2.71000003814697","2.28999996185303","2.78999996185303","","",
"Eslovenia","SVN","Empleos en agricultura (% del total de empleos)","SL.AGR.EMPL.ZS","","","","","","","","","","","","","","","","","","","","","","","","","","","","","","","","10.8400001525879","10.75","10.6599998474121","11.5699996948242","10.4399995803833","10.2299995422363","12.1400003433228","12.0699996948242","10.8400001525879","9.60000038146973","9.9399995803833","9.65999984741211","8.4399995803833","9.77999973297119","9.10999965667725","9.59000015258789","9.89000034332275","8.59000015258789","9.11999988555908","8.81999969482422","8.60000038146973","8.39000034332275","8.5","9.63000011444092","7.07999992370605","5.01999998092651","5.55999994277954","5.48000001907349","4.28000020980835","","",
"Suecia","SWE","Empleos en agricultura (% del total de empleos)","SL.AGR.EMPL.ZS","","","","","","","","","","","","","","","","","","","","","","","","","","","","","","","","3.83999991416931","3.76999998092651","3.71000003814697","3.60999989509583","3.49000000953674","3.25","3.25","3.04999995231628","2.99000000953674","2.91000008583069","2.65000009536743","2.51999998092651","2.54999995231628","2.49000000953674","2.3199999332428","2.23000001907349","2.25","2.11999988555908","2.1800000667572","2.09999990463257","1.99000000953674","2.05999994277954","2.02999997138977","1.98000001907349","2.03999996185303","1.88999998569489","1.83000004291534","1.73000001907349","1.69000005722046","","",
"Eswatini","SWZ","Empleos en agricultura (% del total de empleos)","SL.AGR.EMPL.ZS","","","","","","","","","","","","","","","","","","","","","","","","","","","","","","","","23.4300003051758","23.2700004577637","23.0599994659424","22.8799991607666","22.5900001525879","22.3299999237061","22.0300006866455","21.7399997711182","21.3999996185303","21","20.5699996948242","20.0200004577637","19.4699993133545","18.9099998474121","18.2700004577637","17.6599998474121","17.1000003814697","16.6900005340576","16.2399997711182","15.7600002288818","15.3199996948242","14.789999961853","14.3400001525879","13.960000038147","13.5500001907349","13.1999998092651","12.8599996566772","12.5","12.1499996185303","","",
"Sint Maarten (Dutch part)","SXM","Empleos en agricultura (% del total de empleos)","SL.AGR.EMPL.ZS","","","","","","","","","","","","","","","","","","","","","","","","","","","","","","","","","","","","","","","","","","","","","","","","","","","","","","","","","","","","","","",
"Seychelles","SYC","Empleos en agricultura (% del total de empleos)","SL.AGR.EMPL.ZS","","","","","","","","","","","","","","","","","","","","","","","","","","","","","","","","","","","","","","","","","","","","","","","","","","","","","","","","","","","","","","",
"República Árabe Siria","SYR","Empleos en agricultura (% del total de empleos)","SL.AGR.EMPL.ZS","","","","","","","","","","","","","","","","","","","","","","","","","","","","","","","","28.2099990844727","29.7000007629395","31.0900001525879","29.7999992370605","28.3799991607666","28.2999992370605","28.2900009155273","27.9799995422363","27.8400001525879","32.8899993896484","31.0200004577637","28.9099998474121","26.9799995422363","24.9599990844727","22.9200000762939","20.9899997711182","19.1399993896484","17.5499992370605","16","14.5100002288818","13.2299995422363","13.210000038147","13.1599998474121","12.8299999237061","12.2700004577637","11.7299995422363","11.2200002670288","10.6599998474121","10.1300001144409","","",
"Islas Turcas y Caicos","TCA","Empleos en agricultura (% del total de empleos)","SL.AGR.EMPL.ZS","","","","","","","","","","","","","","","","","","","","","","","","","","","","","","","","","","","","","","","","","","","","","","","","","","","","","","","","","","","","","","",
"Chad","TCD","Empleos en agricultura (% del total de empleos)","SL.AGR.EMPL.ZS","","","","","","","","","","","","","","","","","","","","","","","","","","","","","","","","83.2300033569336","82.9800033569336","83.379997253418","82.9700012207031","82.8899993896484","82.7799987792969","82.5199966430664","82.2099990844727","82.2200012207031","82.2300033569336","81.6999969482422","81.2900009155273","80.620002746582","79.6600036621094","78.8899993896484","78.7399978637695","78.4800033569336","78.2200012207031","77.8899993896484","77.1500015258789","77.0400009155273","76.4899978637695","76.1100006103516","75.6500015258789","75.379997253418","75.6100006103516","75.6399993896484","75.3899993896484","75.0599975585938","","",
"Asia oriental y el Pacífico (BIRF y la AIF)","TEA","Empleos en agricultura (% del total de empleos)","SL.AGR.EMPL.ZS","","","","","","","","","","","","","","","","","","","","","","","","","","","","","","","","59.4641898479979","58.4636811447406","56.3837042447577","54.2935761250517","52.0631398936293","50.5537547862935","49.8681683954397","49.9356165485296","50.1095670697854","49.9500706997212","49.580801089439","49.4322989554626","48.6846995747777","46.5197774912106","44.8248997361509","42.8502630718338","41.2802323878978","40.3339689102757","39.0680722723703","37.9041844293534","36.3690107067902","35.3293648818239","33.5082497091609","31.6858960837897","30.6493596383402","29.5648849281675","28.7866361819692","27.8440320139611","27.0127024754525","","",
"Europa y Asia central (BIRF y la AIF)","TEC","Empleos en agricultura (% del total de empleos)","SL.AGR.EMPL.ZS","","","","","","","","","","","","","","","","","","","","","","","","","","","","","","","","24.0402889867416","24.6821210242151","25.0861893418026","25.7527287281373","25.7368798345126","25.2922876201615","24.3142718048379","24.1518099100116","25.1555464638959","24.6651402741928","23.4955536125281","22.4565554262002","21.8277831037737","20.8816048414479","20.3346749642872","19.5735124749491","18.6602167047994","18.1789626503554","17.8430564154892","17.57427566816","17.4897895638767","17.0812904891648","16.8211814018286","15.6846592211737","15.4008791872091","15.0283717492224","14.5265993152545","13.9762943799785","13.6152202499975","","",
"Togo","TGO","Empleos en agricultura (% del total de empleos)","SL.AGR.EMPL.ZS","","","","","","","","","","","","","","","","","","","","","","","","","","","","","","","","50.0200004577637","50.0499992370605","50.3499984741211","49.8300018310547","49.439998626709","49.0099983215332","48.3300018310547","48.3800010681152","48.1500015258789","48","47.7700004577637","47.2999992370605","46.6199989318848","46.5099983215332","46.6800003051758","46.2700004577637","46.1100006103516","45.6100006103516","44.9099998474121","44.1699981689453","43.3899993896484","42.5900001525879","41.7599983215332","40.9700012207031","38.6800003051758","36.2599983215332","33.7900009155273","33.0999984741211","32.3800010681152","","",
"Tailandia","THA","Empleos en agricultura (% del total de empleos)","SL.AGR.EMPL.ZS","","","","","","","","","","","","","","","","","","","","","","","","","","","","","","","","60.3300018310547","60.9099998474121","56.7700004577637","55.9900016784668","51.9799995422363","50.060001373291","50.3499984741211","51.2700004577637","48.5200004577637","48.7900009155273","46.0400009155273","43.8499984741211","41.6399993896484","39.2900009155273","38.6800003051758","39.7799987792969","39.5299987792969","39.75","38.9900016784668","38.25","41.0099983215332","42.1399993896484","41.75","33.439998626709","32.2799987792969","31.1599998474121","31.4599990844727","32.1399993896484","31.4300003051758","","",
"Tayikistán","TJK","Empleos en agricultura (% del total de empleos)","SL.AGR.EMPL.ZS","","","","","","","","","","","","","","","","","","","","","","","","","","","","","","","","53.9599990844727","54.9500007629395","55.8899993896484","57","58.0400009155273","58.9599990844727","59.3600006103516","59.7200012207031","59.7099990844727","59.4199981689453","58.689998626709","57.8199996948242","56.8499984741211","55.7099990844727","55.2000007629395","54.9199981689453","54.4700012207031","53.810001373291","53.1300010681152","52.5499992370605","51.75","51.0499992370605","50.2099990844727","49.4000015258789","48.560001373291","47.7599983215332","46.6800003051758","45.7599983215332","44.7200012207031","","",
"Turkmenistán","TKM","Empleos en agricultura (% del total de empleos)","SL.AGR.EMPL.ZS","","","","","","","","","","","","","","","","","","","","","","","","","","","","","","","","32.9799995422363","33.6100006103516","33.7799987792969","34.3300018310547","34.5400009155273","34.7400016784668","34.7400016784668","34.6500015258789","34.5699996948242","34.2799987792969","34.3600006103516","34.3400001525879","34","33.5999984741211","32.8499984741211","32.3300018310547","31.6800003051758","30.9099998474121","30.1800003051758","29.3600006103516","28.3600006103516","27.4300003051758","26.4699993133545","25.4500007629395","24.5200004577637","23.6200008392334","22.6800003051758","21.6900005340576","20.6800003051758","","",
"América Latina y el Caribe (BIRF y la AIF)","TLA","Empleos en agricultura (% del total de empleos)","SL.AGR.EMPL.ZS","","","","","","","","","","","","","","","","","","","","","","","","","","","","","","","","21.1944130722443","21.0855215087935","20.8020067464809","20.5978201806491","20.448462028183","19.9683412655734","19.5368060849884","19.0490740812014","19.1135579166003","18.8087636349885","18.8548896415805","18.7829298474176","18.5660947920542","18.4547072917871","18.0848517237015","17.313964182846","16.4070713667824","15.8796215434041","15.7711563652039","15.4231291264684","15.0108145535893","14.6824239994622","14.3555262064399","14.0471088110398","13.8458475782993","13.8510940356406","13.8503987864095","13.7922162437522","13.5202352185252","","",
"Timor-Leste","TLS","Empleos en agricultura (% del total de empleos)","SL.AGR.EMPL.ZS","","","","","","","","","","","","","","","","","","","","","","","","","","","","","","","","60.9599990844727","60.4799995422363","59.9599990844727","59.3499984741211","58.75","58.0900001525879","58.0900001525879","59.3400001525879","61.2099990844727","58.0499992370605","55.1199989318848","55.8800010681152","56.060001373291","56.8400001525879","55.2400016784668","56.6100006103516","55.6800003051758","54.1300010681152","52.2599983215332","50.8199996948242","49.2900009155273","48.2599983215332","46.1300010681152","44.9099998474121","42.560001373291","40.3600006103516","41.0299987792969","40.5400009155273","39.2799987792969","","",
"Oriente Medio y Norte de África (BIRF y la AIF)","TMN","Empleos en agricultura (% del total de empleos)","SL.AGR.EMPL.ZS","","","","","","","","","","","","","","","","","","","","","","","","","","","","","","","","33.2504387509624","33.1506935629025","32.3107370338842","32.0716385546374","31.4479143902971","30.7112514875543","30.1726261165863","29.5305105027814","29.0319647669159","29.3738971597521","28.6427616662088","27.9923804426246","28.1476906929513","28.3660976890657","27.6882463690161","26.7891561624273","26.4340307743159","25.5674703349783","24.5667388140724","23.3240500972999","23.1913761819509","22.351379487218","22.2660820198471","21.9912568546959","21.3319780153928","21.0207796079409","20.5239656597851","19.4271488869801","18.8031455343523","","",
"Tonga","TON","Empleos en agricultura (% del total de empleos)","SL.AGR.EMPL.ZS","","","","","","","","","","","","","","","","","","","","","","","","","","","","","","","","38.2000007629395","38.310001373291","38.189998626709","36.1100006103516","35.4199981689453","35.4799995422363","35.4599990844727","35.25","34.9500007629395","33.7700004577637","32.6399993896484","32.0499992370605","31.8600006103516","31.5300006866455","29.9500007629395","28.7600002288818","28.7399997711182","27.1700000762939","26.1499996185303","25.2800006866455","24.4500007629395","23.7299995422363","23.8700008392334","23.5400009155273","22.7399997711182","21.4599990844727","20.6100006103516","19.8500003814697","19.3700008392334","","",
"Asia meridional (BIRF y la AIF)","TSA","Empleos en agricultura (% del total de empleos)","SL.AGR.EMPL.ZS","","","","","","","","","","","","","","","","","","","","","","","","","","","","","","","","62.5481347408272","62.2561045759475","61.8673180820511","61.431848222411","60.9248938101495","60.3538329230622","60.1679270668678","59.8554324927195","59.2932484108987","58.8758831016538","58.1786496812871","57.4971467770078","56.5155501656956","55.4967322660228","54.6145404177776","53.5919419614848","52.7938290509214","52.3622429413064","51.3767736785314","50.5269213270456","48.7197646800969","46.8287714374653","46.2581945897038","45.6663881501008","44.9461445130413","44.4434714492741","43.437116439747","42.5799932191701","41.8503935481995","","",
"África al sur del Sahara (BIRF y la AIF)","TSS","Empleos en agricultura (% del total de empleos)","SL.AGR.EMPL.ZS","","","","","","","","","","","","","","","","","","","","","","","","","","","","","","","","63.324231234013","63.2797507563595","63.1920607780817","63.0884665324593","62.926802416223","62.6787478785229","62.5129934938726","62.3563013141736","62.1929462450793","62.2170643102987","62.1320562782791","61.9818112985244","61.7380288699618","61.3378309252637","61.1328933520479","60.5269412698194","59.9333852317654","59.2502874374416","58.7519126668961","58.1772950573689","57.4551151263242","56.6908174235253","56.1761775902366","55.350163969056","54.6164928627998","54.3017191708648","53.8133792053432","53.3274132487989","52.8964356488986","","",
"Trinidad y Tobago","TTO","Empleos en agricultura (% del total de empleos)","SL.AGR.EMPL.ZS","","","","","","","","","","","","","","","","","","","","","","","","","","","","","","","","11.7399997711182","11.539999961853","11.3299999237061","12.3800001144409","10.6400003433228","9.59000015258789","9.5","8.14999961853027","8.11999988555908","7.23000001907349","7.8600001335144","6.8899998664856","5.90000009536743","4.6399998664856","4.34000015258789","4.40999984741211","3.80999994277954","3.82999992370605","3.86999988555908","3.75999999046326","3.72000002861023","3.74000000953674","3.52999997138977","3.60999989509583","3.4300000667572","3.25","3.1800000667572","3.10999989509583","3.02999997138977","","",
"Túnez","TUN","Empleos en agricultura (% del total de empleos)","SL.AGR.EMPL.ZS","","","","","","","","","","","","","","","","","","","","","","","","","","","","","","","","22.1299991607666","21.9899997711182","21.9099998474121","21.7999992370605","21.7099990844727","21.4899997711182","21.2700004577637","21","20.6599998474121","20.2999992370605","19.9200000762939","19.7199993133545","19.2999992370605","18.75","18.5300006866455","19.4400005340576","18.7000007629395","18.0200004577637","18.4699993133545","17.9500007629395","16.3600006103516","17.0699996948242","15.3699998855591","14.8699998855591","14.75","14.7700004577637","14.8100004196167","14.2799997329712","13.8000001907349","","",
"Turquía","TUR","Empleos en agricultura (% del total de empleos)","SL.AGR.EMPL.ZS","","","","","","","","","","","","","","","","","","","","","","","","","","","","","","","","29.7600002288818","29.5699996948242","29.3299999237061","29.4099998474121","29.1200008392334","28.8099994659424","28.2099990844727","28.2099990844727","27.8199996948242","27.2999992370605","27.1399993896484","26.8700008392334","26.3099994659424","25.5100002288818","24.7999992370605","24.0599994659424","23.4799995422363","23.1399993896484","22.9500007629395","23.7000007629395","24.1599998474121","23.5599994659424","22.9200000762939","21.0900001525879","20.4099998474121","19.5","19.3799991607666","18.4300003051758","18.1100006103516","","",
"Tuvalu","TUV","Empleos en agricultura (% del total de empleos)","SL.AGR.EMPL.ZS","","","","","","","","","","","","","","","","","","","","","","","","","","","","","","","","","","","","","","","","","","","","","","","","","","","","","","","","","","","","","","",
"Tanzanía","TZA","Empleos en agricultura (% del total de empleos)","SL.AGR.EMPL.ZS","","","","","","","","","","","","","","","","","","","","","","","","","","","","","","","","84.6699981689453","84.6500015258789","84.620002746582","84.5699996948242","84.4700012207031","84.3099975585938","84.129997253418","83.8499984741211","83.4599990844727","82.9899978637695","82.2900009155273","80.5999984741211","78.7699966430664","76.75","74.5500030517578","72.1800003051758","71.75","71.3300018310547","70.9000015258789","70.3899993896484","69.7699966430664","69.3000030517578","68.6900024414063","68.0500030517578","67.4800033569336","66.8600006103516","66.2300033569336","65.6699981689453","65.0899963378906","","",
"Uganda","UGA","Empleos en agricultura (% del total de empleos)","SL.AGR.EMPL.ZS","","","","","","","","","","","","","","","","","","","","","","","","","","","","","","","","72.3399963378906","72.2600021362305","72.0400009155273","71.8499984741211","71.4800033569336","71.129997253418","70.879997253418","70.5999984741211","70.1699981689453","69.9499969482422","69.6100006103516","69.0800018310547","68.6999969482422","68.5100021362305","68.3399963378906","67.9199981689453","67.6100006103516","67.2600021362305","67.0599975585938","66.8399963378906","66.4499969482422","66.1399993896484","71.9199981689453","72.3899993896484","72.2600021362305","72.4100036621094","72.6800003051758","72.4499969482422","72.129997253418","","",
"Ucrania","UKR","Empleos en agricultura (% del total de empleos)","SL.AGR.EMPL.ZS","","","","","","","","","","","","","","","","","","","","","","","","","","","","","","","","25.1100006103516","25.3999996185303","25.7900009155273","26.1700000762939","26.4799995422363","26.7999992370605","26.7199993133545","26.8500003814697","26.9400005340576","26.5","25.9699993133545","25.4699993133545","24.6900005340576","23.9400005340576","23.3400001525879","22.5599994659424","21.8899993896484","21.3799991607666","21.2999992370605","20.3299999237061","20.3400001525879","19.8899993896484","20.0100002288818","14.7700004577637","15.2600002288818","15.6000003814697","15.4099998474121","14.4200000762939","13.8199996948242","","",
"Ingreso mediano alto","UMC","Empleos en agricultura (% del total de empleos)","SL.AGR.EMPL.ZS","","","","","","","","","","","","","","","","","","","","","","","","","","","","","","","","48.1547727337172","47.4050600251181","45.8938464263328","44.5117834294727","42.9549779031484","41.6741637071859","40.9927647403406","40.8587774626095","41.0710061779799","40.8426644135501","40.4452492862663","40.2199487656692","39.4046992135088","37.7057727368522","36.0771769578573","34.3746332436626","32.8403114812781","31.8109844042967","30.72891741397","29.6251450899863","28.3792421953206","27.5003742573134","25.9185790077781","24.2583888964442","23.5663219766869","22.9094756293511","22.3417339876225","21.6749636676028","21.0613196691817","","",
"Uruguay","URY","Empleos en agricultura (% del total de empleos)","SL.AGR.EMPL.ZS","","","","","","","","","","","","","","","","","","","","","","","","","","","","","","","","11.7299995422363","11.7299995422363","11.7299995422363","11.7299995422363","11.7399997711182","11.710000038147","11.6700000762939","11.6000003814697","11.5299997329712","11.4700002670288","11.3900003433228","11.3199996948242","11.1999998092651","11.039999961853","10.8699998855591","10.7399997711182","10.6800003051758","10.5799999237061","10.9499998092651","11.5699996948242","9.78999996185303","8.60999965667725","9.28999996185303","9.14000034332275","8.81999969482422","8.22000026702881","8.73999977111816","8.35999965667725","8.40999984741211","","",
"Estados Unidos","USA","Empleos en agricultura (% del total de empleos)","SL.AGR.EMPL.ZS","","","","","","","","","","","","","","","","","","","","","","","","","","","","","","","","1.92999994754791","1.9099999666214","1.88999998569489","1.86000001430511","1.83000004291534","1.79999995231628","1.75999999046326","1.72000002861023","1.67999994754791","1.62999999523163","1.52999997138977","1.53999996185303","1.5","1.47000002861023","1.4099999666214","1.38999998569489","1.28999996185303","1.3400000333786","1.35000002384186","1.41999995708466","1.45000004768372","1.37999999523163","1.32000005245209","1.35000002384186","1.44000005722046","1.42999994754791","1.42999994754791","1.37000000476837","1.36000001430511","","",
"Uzbekistán","UZB","Empleos en agricultura (% del total de empleos)","SL.AGR.EMPL.ZS","","","","","","","","","","","","","","","","","","","","","","","","","","","","","","","","40.6699981689453","40.4500007629395","40.7900009155273","41.2900009155273","41.2400016784668","41.5499992370605","41.5800018310547","40.8600006103516","39.7999992370605","39.0800018310547","38.1699981689453","37.2099990844727","36.1699981689453","34.9599990844727","33.689998626709","32.3699989318848","30.9099998474121","29.4699993133545","28.0900001525879","26.8099994659424","27.0900001525879","26.6000003814697","27.1700000762939","27.5300006866455","27.5799999237061","27.4200000762939","27.1499996185303","26.6499996185303","25.7099990844727","","",
"San Vicente y las Granadinas","VCT","Empleos en agricultura (% del total de empleos)","SL.AGR.EMPL.ZS","","","","","","","","","","","","","","","","","","","","","","","","","","","","","","","","24.7800006866455","23.7299995422363","22.75","21.8899993896484","20.9500007629395","20.1200008392334","19.2000007629395","18.3199996948242","17.5300006866455","16.8099994659424","16.0300006866455","15.5","14.9700002670288","14.5200004577637","14.1400003433228","13.6499996185303","13.2700004577637","12.9099998474121","12.6599998474121","12.4899997711182","12.1899995803833","11.9099998474121","11.6099996566772","11.3699998855591","11.0799999237061","10.8400001525879","10.5799999237061","10.3199996948242","10.0799999237061","","",
"Venezuela","VEN","Empleos en agricultura (% del total de empleos)","SL.AGR.EMPL.ZS","","","","","","","","","","","","","","","","","","","","","","","","","","","","","","","","12.6400003433228","11.7799997329712","11.2700004577637","13.8999996185303","13.5200004577637","13.5299997329712","10.8199996948242","9.98999977111816","10.1899995803833","10.6099996566772","9.64999961853027","9.97000026702881","10.7700004577637","10.5","10.289999961853","9.42000007629395","8.84000015258789","8.52000045776367","8.36999988555908","8.27999973297119","7.98999977111816","7.65999984741211","7.44999980926514","7.32999992370605","7.32999992370605","7.40000009536743","7.44999980926514","7.53999996185303","7.8600001335144","","",
"Islas Vírgenes Británicas","VGB","Empleos en agricultura (% del total de empleos)","SL.AGR.EMPL.ZS","","","","","","","","","","","","","","","","","","","","","","","","","","","","","","","","","","","","","","","","","","","","","","","","","","","","","","","","","","","","","","",
"Islas Vírgenes (EE.UU.)","VIR","Empleos en agricultura (% del total de empleos)","SL.AGR.EMPL.ZS","","","","","","","","","","","","","","","","","","","","","","","","","","","","","","","","3.4300000667572","3.41000008583069","3.38000011444092","3.32999992370605","3.27999997138977","3.23000001907349","3.17000007629395","3.11999988555908","3.04999995231628","2.97000002861023","2.89000010490417","2.8199999332428","2.75","2.66000008583069","2.5699999332428","2.48000001907349","2.40000009536743","2.34999990463257","2.32999992370605","2.27999997138977","2.27999997138977","2.25","2.23000001907349","2.1800000667572","2.13000011444092","2.0699999332428","2.02999997138977","1.97000002861023","1.92999994754791","","",
"Viet Nam","VNM","Empleos en agricultura (% del total de empleos)","SL.AGR.EMPL.ZS","","","","","","","","","","","","","","","","","","","","","","","","","","","","","","","","70.879997253418","69.8099975585938","68.7799987792969","67.8199996948242","66.9700012207031","66.3099975585938","65.2799987792969","64.7699966430664","64.9899978637695","65.25","63.9900016784668","62.0400009155273","59.6800003051758","57.9000015258789","54.8300018310547","51.6699981689453","49.2799987792969","48.6199989318848","47.5499992370605","48.7099990844727","48.310001373291","47.3699989318848","46.810001373291","46.3400001525879","44.0200004577637","41.8699989318848","40.1599998474121","38.7000007629395","37.2200012207031","","",
"Vanuatu","VUT","Empleos en agricultura (% del total de empleos)","SL.AGR.EMPL.ZS","","","","","","","","","","","","","","","","","","","","","","","","","","","","","","","","69.7200012207031","69.7399978637695","70.0400009155273","69.6999969482422","69.9899978637695","69.9800033569336","69.6800003051758","69.2099990844727","69.2200012207031","68.6600036621094","69.0599975585938","69.6600036621094","68.9599990844727","68.6699981689453","67.9499969482422","67.1100006103516","66.0699996948242","64.2099990844727","60.5499992370605","63.8300018310547","64.0999984741211","63.7999992370605","62.8800010681152","62.4199981689453","60.6199989318848","59.4199981689453","58.5699996948242","57.6399993896484","56.7799987792969","","",
"Mundo","WLD","Empleos en agricultura (% del total de empleos)","SL.AGR.EMPL.ZS","","","","","","","","","","","","","","","","","","","","","","","","","","","","","","","","43.675448627145","43.4194690549483","42.7010338825625","41.9584111172148","41.0577867838839","40.3936544916516","40.0147530790097","39.9846798563343","40.0102765789231","39.8591901542545","39.5291243861066","39.3263141600809","38.8592511815012","37.8160113825916","36.9276401512776","35.7822872767513","34.8290027422819","34.2356908992506","33.6737375857125","32.9997781398909","32.0261241550436","31.1370151384844","30.3204761477577","29.4025550371581","28.8094464485833","28.2830690559205","27.7492803458741","27.1541147596292","26.689985424047","","",
"Samoa","WSM","Empleos en agricultura (% del total de empleos)","SL.AGR.EMPL.ZS","","","","","","","","","","","","","","","","","","","","","","","","","","","","","","","","46","45.8699989318848","45.5499992370605","46.0699996948242","44.9799995422363","44.4099998474121","44.5800018310547","43.5800018310547","42.8199996948242","41.9500007629395","40.5800018310547","40.0200004577637","39.0099983215332","38.6399993896484","37.8699989318848","37.1500015258789","35.810001373291","35.3800010681152","35.7299995422363","34.5400009155273","33.7999992370605","33.9500007629395","33.939998626709","33.0900001525879","32.3300018310547","31.7600002288818","31.4099998474121","30.8500003814697","30.2099990844727","","",
"Kosovo","XKX","Empleos en agricultura (% del total de empleos)","SL.AGR.EMPL.ZS","","","","","","","","","","","","","","","","","","","","","","","","","","","","","","","","","","","","","","","","","","","","","","","","","","","","","","","","","","","","","","",
"Yemen, Rep. del","YEM","Empleos en agricultura (% del total de empleos)","SL.AGR.EMPL.ZS","","","","","","","","","","","","","","","","","","","","","","","","","","","","","","","","54.8199996948242","54.689998626709","54.7400016784668","54.6500015258789","52.4900016784668","50.310001373291","47.9900016784668","45.5699996948242","43.2599983215332","40.8400001525879","38.4199981689453","35.9599990844727","33.4799995422363","31.0300006866455","29.8999996185303","28.8199996948242","27.7199993133545","26.5300006866455","25.2999992370605","24.1100006103516","25.8700008392334","27.0100002288818","28.0200004577637","29.25","29.4699993133545","29.2600002288818","28.8999996185303","28.3099994659424","27.5499992370605","","",
"Sudáfrica","ZAF","Empleos en agricultura (% del total de empleos)","SL.AGR.EMPL.ZS","","","","","","","","","","","","","","","","","","","","","","","","","","","","","","","","11.5100002288818","11.4799995422363","11.3900003433228","11.2700004577637","11.1300001144409","10.9499998092651","10.7399997711182","10.539999961853","10.2799997329712","9.93000030517578","9.31999969482422","8.71000003814697","8.14000034332275","7.57000017166138","7.01999998092651","6.5","6.01000022888184","5.57000017166138","5.05000019073486","4.84999990463257","4.59999990463257","4.82999992370605","4.98000001907349","4.65000009536743","5.6100001335144","5.57000017166138","5.28000020980835","5.15999984741211","5.28000020980835","","",
"Zambia","ZMB","Empleos en agricultura (% del total de empleos)","SL.AGR.EMPL.ZS","","","","","","","","","","","","","","","","","","","","","","","","","","","","","","","","70.2099990844727","70.2099990844727","70.0699996948242","70.4199981689453","70.3000030517578","70.0500030517578","69.8899993896484","69.9700012207031","70.4199981689453","70.879997253418","71.2300033569336","71.5699996948242","71.7799987792969","71.9800033569336","72.2600021362305","72.0199966430664","71.7300033569336","71.4300003051758","68.0899963378906","64.3300018310547","60.4300003051758","56.0299987792969","54.4700012207031","53.2799987792969","52.2700004577637","51.3699989318848","50.7099990844727","50.1100006103516","49.6399993896484","","",
"Zimbabwe","ZWE","Empleos en agricultura (% del total de empleos)","SL.AGR.EMPL.ZS","","","","","","","","","","","","","","","","","","","","","","","","","","","","","","","","61.4300003051758","61.4700012207031","61.4000015258789","61.0800018310547","60.9199981689453","60.5200004577637","60.310001373291","60.0800018310547","60.0299987792969","60.6199989318848","61","61.9000015258789","62.9500007629395","63.6699981689453","64.5100021362305","64.7200012207031","65.5500030517578","66.5","66.0699996948242","65.5400009155273","65.8600006103516","65.9899978637695","66.7699966430664","67.2399978637695","67.0599975585938","66.879997253418","66.4800033569336","66.0199966430664","66.1900024414063","","",
